NAME: multi_modal_data
TYPE: MM

VEHICLES: 2
DIMENSION: 100

NUM_T: 2
NUM_D: 2

MAXIMUM_SYSTEM_DURATION: 300
UNIT: MIN

SERVICETIME: 5
UNIT: MIN

MAX_WAITING_TIME: 15
UNIT: MIN

INIT_SOC: 100
MAX_SOC: 100
MIN_SOC_T: 3
MIN_SOC_D: 3
UNIT: %

DEMAND_T: 50
DEMAND_D: 0
UNIT: EA

MASS_T: 1940
MASS_D: 5
UNIT: KG

LIFT_TO_DRAG: 3
POWER_MOTOR_PROP: 0.5
UNIT: RATIO

POWER_ELEC: 0.1
UNIT: KW

CARGO_LIMIT_DRONE: 6
UNIT: KG

CARGO_LIMIT_TRUCK: 1000
UNIT: KG

BATTERY_KWH_T: 58.8
BATTERY_KWH_D: 0.36
UNIT: KWH 

ENERGY_KWH/KM_T: 0.3226 
ENERGY_KWH/KM_D: 0.0231
UNIT: KWH/KM

CHARGING_KW_D: 1.2
CHARGING_KW_T: 80
UNIT: KW 

LOSISTIC_KWH/KG_T: 0.001
LOSISTIC_KWH/KG_D: 0.001
UNIT: KWH/KG

SPEED_T: 1.0 
SPEED_D: 1.5
UNIT: KM/MIN

NODE_COORD_SECTION	
0	37.51897559	127.0623915
1	37.48493754	127.0644787
2	37.51432622	127.0544003
3	37.50528945	127.0619939
4	37.49230771	127.0452179
5	37.4919059	127.0521116
6	37.48574293	127.0814285
7	37.47858842	127.1114094
8	37.51604262	127.0348811
9	37.49147536	127.0526126
10	37.52548077	127.0223767
11	37.51631968	127.0423148
12	37.489542	127.0796221
13	37.48496029	127.0594065
14	37.51718924	127.0413014
15	37.49816465	127.0283079
16	37.51119883	127.0216579
17	37.508862	127.063073
18	37.53360292	127.0283258
19	37.48541757	127.1045604
20	37.52046807	127.054044
21	37.49400035	127.0658114
22	37.48473577	127.0876176
23	37.49044865	127.039997
24	37.49354047	127.0505467
25	37.48772527	127.0360742
26	37.48615258	127.056121
27	37.49561749	127.0577682
28	37.48790982	127.0981867
29	37.50044687	127.0605134
30	37.50450288	127.0489425
31	37.48407358	127.0844518
32	37.47903282	127.0657076
33	37.52643082	127.0284809
34	37.49605364	127.0788531
35	37.47711586	127.0518861
36	37.48613775	127.0424159
37	37.49903766	127.0392494
38	37.51201518	127.0575397
39	37.52509008	127.0513
40	37.49160529	127.058004
41	37.48661527	127.0471989
42	37.49708719	127.0449782
43	37.49358351	127.0780732
44	37.50882291	127.0645418
45	37.49267955	127.0306305
46	37.49233075	127.0745897
47	37.50528056	127.0289194
48	37.46682003	127.0969337
49	37.48005839	127.0641545
50	37.52269079	127.0328729
51	37.49828674	127.0301038
52	37.48811677	127.1030688
53	37.49012921	127.071565
54	37.48483867	127.0897795
55	37.46137037	127.1040205
56	37.50396606	127.0429099
57	37.4885025	127.0865469
58	37.49828846	127.0301032
59	37.51643246	127.0203269
60	37.47056578	127.1193125
61	37.52282078	127.0561406
62	37.52460119	127.0210076
63	37.48797908	127.1056314
64	37.49213604	127.0997527
65	37.5030427	127.0541314
66	37.5131779	127.065386
67	37.49812635	127.050691
68	37.49292753	127.0902766
69	37.49671719	127.071719
70	37.4893922	127.0506344
71	37.50796024	127.0303213
72	37.50288135	127.0413565
73	37.50015065	127.0334563
74	37.47463125	127.1161223
75	37.50937616	127.0423641
76	37.52794736	127.0438666
77	37.51909256	127.0496091
78	37.49835748	127.0614696
79	37.46450499	127.1026803
80	37.52012517	127.0447158
81	37.5103126	127.0463796
82	37.47974583	127.0878269
83	37.50463416	127.0250313
84	37.51871603	127.0469585
85	37.50159765	127.0377229
86	37.51642118	127.0304472
87	37.49086414	127.0553257
88	37.52643091	127.0284815
89	37.46287766	127.1014443
90	37.46438764	127.104165
91	37.48541153	127.0547066
92	37.49566238	127.0409102
93	37.52813664	127.0318383
94	37.5099099	127.0631778
95	37.49388799	127.0642724
96	37.51489843	127.0299765
97	37.49697932	127.0532547
98	37.51206542	127.026089
99	37.49397443	127.040912


DEMAND_SECTION
0	0
1	1
2	1
3	1
4	1
5	1
6	1
7	1
8	1
9	1
10	1
11	1
12	1
13	1
14	1
15	1
16	1
17	1
18	1
19	1
20	1
21	1
22	1
23	1
24	1
25	1
26	1
27	1
28	1
29	1
30	1
31	1
32	1
33	1
34	1
35	1
36	1
37	1
38	1
39	1
40	1
41	1
42	1
43	1
44	1
45	1
46	1
47	1
48	1
49	1
50	1
51	1
52	1
53	1
54	1
55	1
56	1
57	1
58	1
59	1
60	1
61	1
62	1
63	1
64	1
65	1
66	1
67	1
68	1
69	1
70	1
71	1
72	1
73	1
74	1
75	1
76	1
77	1
78	1
79	1
80	1
81	1
82	1
83	1
84	1
85	1
86	1
87	1
88	1
89	1
90	1
91	1
92	1
93	1
94	1
95	1
96	1
97	1
98	1
99	1


LOGISTIC_LOAD_SECTION
0	0
1	2
2	2
3	2
4	2
5	2
6	2
7	2
8	2
9	2
10	2
11	2
12	2
13	2
14	2
15	2
16	2
17	2
18	2
19	2
20	2
21	2
22	2
23	2
24	2
25	2
26	2
27	2
28	2
29	2
30	2
31	2
32	2
33	2
34	2
35	2
36	2
37	2
38	2
39	2
40	2
41	2
42	2
43	2
44	2
45	2
46	2
47	2
48	2
49	2
50	2
51	2
52	2
53	2
54	2
55	2
56	2
57	2
58	2
59	2
60	2
61	2
62	2
63	2
64	2
65	2
66	2
67	2
68	2
69	2
70	2
71	2
72	2
73	2
74	2
75	2
76	2
77	2
78	2
79	2
80	2
81	2
82	2
83	2
84	2
85	2
86	2
87	2
88	2
89	2
90	2
91	2
92	2
93	2
94	2
95	2
96	2
97	2
98	2
99	2


AVAILABILITY_LANDING_SPOT_SECTION
0	1
1	1
2	1
3	1
4	1
5	1
6	1
7	1
8	1
9	1
10	1
11	1
12	1
13	1
14	1
15	1
16	1
17	1
18	1
19	1
20	1
21	1
22	1
23	1
24	1
25	1
26	1
27	1
28	1
29	1
30	1
31	1
32	1
33	1
34	1
35	1
36	1
37	1
38	1
39	1
40	1
41	1
42	1
43	1
44	1
45	1
46	1
47	1
48	1
49	1
50	1
51	1
52	1
53	1
54	1
55	1
56	1
57	1
58	1
59	1
60	1
61	1
62	1
63	1
64	1
65	1
66	1
67	1
68	1
69	1
70	1
71	1
72	1
73	1
74	1
75	1
76	1
77	1
78	1
79	1
80	1
81	1
82	1
83	1
84	1
85	1
86	1
87	1
88	1
89	1
90	1
91	1
92	1
93	1
94	1
95	1
96	1
97	1
98	1
99	1

CUSTOMER_DRONE_PREFERENCE_SECTION
0	1
1	1
2	1
3	1
4	1
5	1
6	1
7	1
8	1
9	1
10	1
11	1
12	1
13	1
14	1
15	1
16	1
17	1
18	1
19	1
20	1
21	1
22	1
23	1
24	1
25	1
26	1
27	1
28	1
29	1
30	1
31	1
32	1
33	1
34	1
35	1
36	1
37	1
38	1
39	1
40	1
41	1
42	1
43	1
44	1
45	1
46	1
47	1
48	1
49	1
50	1
51	1
52	1
53	1
54	1
55	1
56	1
57	1
58	1
59	1
60	1
61	1
62	1
63	1
64	1
65	1
66	1
67	1
68	1
69	1
70	1
71	1
72	1
73	1
74	1
75	1
76	1
77	1
78	1
79	1
80	1
81	1
82	1
83	1
84	1
85	1
86	1
87	1
88	1
89	1
90	1
91	1
92	1
93	1
94	1
95	1
96	1
97	1
98	1
99	1

DEPOT_SECTION
0

EDGE_KM_D_TYPE: EUC_2D(haversine)
EDGE_KM_T_TYPE: MAN_2D(haversine)
EDGE_KM_D_FORMAT : FULL_MATRIX
EDGE_KM_D_FORMAT : FULL_MATRIX


EDGE_KM_D
0	3.789339523	0.874083522	1.522235454	3.32988165	3.143640708	4.058998028	6.234355442	2.448135733	3.177228329	3.60230507	1.795146224	3.608588801	3.791488943	1.870630317	3.793866668	3.695273134	1.126186704	3.41616271	5.268935097	0.754670272	2.793460166	4.40993847	3.73688914	3.015081267	4.179030896	3.691435751	2.629127133	4.680068376	2.066951681	1.999250312	4.341515347	4.451063329	3.103351701	2.933404484	4.745964968	4.054362923	3.013621087	0.884384984	1.191252313	3.067952336	3.839784673	2.87802522	3.144115126	1.144748275	4.049556943	3.152114752	3.321930481	6.551394511	4.330195118	2.635889197	3.661060536	4.964851813	3.308075019	4.499523495	7.383720312	2.395458215	4.002748573	3.660981507	3.720694037	7.361653419	0.697655952	3.702916484	5.140862501	4.446131853	1.915618743	0.696677005	2.537681013	3.799942617	2.608194106	3.449145403	3.082432425	2.577804714	3.300853329	6.839790381	2.063881654	1.914211536	1.127412352	2.29407408	7.022848928	1.564120765	1.709487217	4.90543434	3.660867097	1.361415055	2.910058343	2.831643567	3.187389242	3.103303382	7.126153063	7.101200495	3.79322815	3.210992546	2.880589247	1.010442905	2.794547194	2.89462825	2.575236942	3.2927386	3.36426704
3.789339523	0	3.386664953	2.273625002	1.886675813	1.338287346	1.49823276	4.200844982	4.333603034	1.274601559	5.840944744	3.999969494	1.430870223	0.447551535	4.128128784	3.513863227	4.774677716	2.663171148	6.281068739	3.536991398	4.056633006	1.014576524	2.041781787	2.24530254	1.557582311	2.525315365	0.749708217	1.326960983	2.992466	1.759687493	2.571340958	1.764948769	0.665469885	5.600947122	1.770941818	1.411070005	1.951259972	2.722644129	3.072498779	4.613626383	0.935976759	1.536033149	2.187512335	1.537179787	2.655941467	3.108036269	1.213123231	3.867620419	3.501579675	0.543291131	5.039453158	3.376560401	3.423219137	0.850988941	2.232439078	4.363942613	2.845676663	1.987077649	3.376691998	5.23782724	5.09577994	4.276161953	5.844326256	3.646742163	3.213527868	2.210507891	3.141209004	1.905375697	2.443399134	1.457305306	1.318123838	3.954019854	2.853492549	3.217549603	4.698965529	3.345264365	5.116434157	4.018011512	1.515663458	4.065313128	4.283511729	3.242031957	2.139548944	4.111987575	4.061557403	3.000655805	4.611784943	1.042343263	5.600925359	4.081479645	4.181722397	0.863845705	2.397108472	5.600320027	2.779174193	0.995412435	4.512529744	1.665387282	4.535291872	2.309357297
0.874083522	3.386664953	0	1.207617314	2.578862169	2.501190936	3.973264143	6.409881605	1.732121691	2.545792258	3.084628886	1.088731411	3.541923521	3.295076817	1.198361757	2.920083261	2.908803899	0.976901094	3.143575785	5.469319818	0.683666089	2.47415745	4.406029759	2.943424674	2.336137705	3.370860757	3.136445511	2.101424814	4.8526489	1.63480492	1.193687694	4.283031093	4.049248519	2.652736759	2.963267777	4.143550009	3.307915804	2.162437049	0.377769998	1.227723026	2.546376888	3.146128409	2.089319911	3.111371943	1.083802047	3.192215851	3.025512927	2.462355517	6.47971041	3.906372703	2.114192529	2.788215518	5.189035137	3.08739145	4.526812455	7.337641688	1.534383526	4.035744345	2.788133848	3.014345649	7.515001044	0.956942422	3.158892084	5.385889577	4.700392124	1.254896086	0.977323954	1.830820598	3.959456484	2.483495376	2.79237215	2.238717109	1.715609132	2.428497629	7.009565989	1.19583459	1.776807127	0.677834133	1.881958439	6.988235263	1.07020636	0.836455509	4.845761233	2.805749331	0.817960178	2.041392671	2.125439446	2.610144733	2.652696238	7.067975458	7.079079529	3.215284817	2.39228483	2.513457776	0.916807904	2.433764685	2.15511182	1.931535205	2.509718339	2.556746479
1.522235454	2.273625002	1.207617314	0	2.067357345	1.724742012	2.768345014	5.274711338	2.673726987	1.744824262	4.153332988	2.125382629	2.34193546	2.271998673	2.254339102	3.075403527	3.61809627	0.408494689	4.327678181	4.357180267	1.827649493	1.299681869	3.214601267	2.547350628	1.651224971	3.007198321	2.190094913	1.13824745	3.732250818	0.55408259	1.154597192	3.080737146	2.937935179	3.776641224	1.807375682	3.25722182	2.74196058	2.123410559	0.844789724	2.395253055	1.561791851	2.452633432	1.756413333	1.925189472	0.452641349	3.101830913	1.81962701	2.917526407	5.272757429	2.812037994	3.215761746	2.918957101	4.095997704	1.885384885	3.343678186	6.131949409	1.689848063	2.859406163	2.918957068	3.878447243	6.362727337	2.016600842	4.204659928	4.304123404	3.637981605	0.737190274	0.926783169	1.276163422	2.848636433	1.282412743	2.032000686	2.809553342	1.840057048	2.581445074	5.86760078	1.790148702	2.983909468	1.883879671	0.772187334	5.783969413	2.245848786	1.486250337	3.641691125	3.261326625	1.996915251	2.180015364	3.045442281	1.708492183	3.776606035	5.861519585	5.876273781	2.301927493	2.145988831	3.678016263	0.524277093	1.2836216	3.019462401	1.20341171	3.255445395	2.24540093
3.32988165	1.886675813	2.578862169	2.067357345	0	0.609844613	3.277191666	6.036300199	2.792282006	0.65894127	4.203040846	2.682265848	3.050942893	1.494875466	2.788190422	1.627803183	2.955000851	2.422675217	4.827492692	5.291555381	3.226628541	1.826585811	3.834527088	0.504884231	0.489711341	0.954180957	1.180606374	1.166801442	4.698883063	1.624788169	1.395283909	3.580683094	2.333951979	4.071406124	2.996518137	1.788791186	0.729252021	0.915023202	2.446140242	3.684504707	1.130773439	0.656659442	0.531875228	2.902138754	2.505662238	1.287649848	2.5913595	2.036714103	5.371900865	2.155671874	3.549603469	1.489958954	5.125330612	2.33712281	4.018452837	6.225739825	1.312243623	3.670855333	1.49009166	3.466569795	6.970693194	3.527047931	4.177897502	5.351888182	4.81143471	1.429408383	2.924155268	0.807316394	3.975933135	2.388878246	0.577472332	2.180877233	1.224091794	1.355440276	6.557844994	1.914551617	3.964745762	3.003426278	1.583734656	5.938751672	3.093481768	2.004676308	4.010642319	2.247228934	2.940486564	1.226492151	2.98111481	0.906111369	4.071396261	5.943626274	6.057678741	1.135297754	0.532521021	4.155118215	2.518150361	1.690244753	2.849152386	0.878957762	2.770217113	0.422685243
3.143640708	1.338287346	2.501190936	1.724742012	0.609844613	0	2.675875367	5.437630101	3.084389634	0.065159014	4.562581806	2.848927796	2.441386361	1.005355169	2.968703283	2.212343315	3.437933174	2.118940472	5.089063913	4.683480959	3.180543744	1.230902121	3.232585491	1.081052794	0.228247724	1.489370082	0.731031364	0.647596172	4.089368385	1.204725134	1.428350436	2.983364597	1.867642385	4.368356879	2.403902861	1.644700043	1.069194905	1.384375363	2.286748546	3.690611945	0.520940683	0.730727635	0.853223838	2.298060334	2.177363961	1.897144957	1.983722162	2.529388452	4.839856291	1.692511612	3.820689034	2.06716833	4.515591376	1.727659471	3.41510952	5.701873869	1.567587671	3.061655898	2.067283679	3.911401136	6.386913947	3.455904623	4.554623115	4.742136615	4.203281276	1.251111296	2.639328283	0.702946257	3.369059003	1.810677802	0.308403092	2.623348147	1.5458546	1.88391653	5.965792267	2.124412547	4.073084643	3.031071794	1.093725715	5.403292771	3.204944305	2.108270915	3.429130694	2.776768094	3.01561039	1.665147563	3.329131269	0.306318546	4.368340421	5.419399607	5.519212662	0.757568977	1.072886519	4.40771545	2.227290812	1.095294974	3.217009307	0.573082531	3.208521282	1.014506494
4.058998028	1.49823276	3.973264143	2.768345014	3.277191666	2.675875367	0	2.762486701	5.311535611	2.621125915	6.830663308	4.844116348	0.451504428	1.945043405	4.975648442	4.885943256	5.984605351	3.038231596	7.089493734	2.041341176	4.554652921	1.655782917	0.557456863	3.692803938	2.859307345	4.00779669	2.233436066	2.358658394	1.498121825	2.465389663	3.544775751	0.324987927	1.575110537	6.502520146	1.168799589	2.777694149	3.442501924	4.00417439	3.602154312	5.119138144	2.167116412	3.021748316	3.454452535	0.920723283	2.967432654	4.547780178	0.949041942	5.116591765	2.509881046	1.650077254	5.93504884	4.738147373	1.927535212	0.99762271	0.743673959	3.36445302	3.956506362	0.545991577	4.738254218	6.379555037	3.744817391	4.68765308	6.861215568	2.149909795	1.76613098	3.082221384	3.362922141	3.041423925	1.116989392	1.490949475	2.747149172	5.141171624	4.016226029	4.525429716	3.301326198	4.33388219	5.744689708	4.650849591	2.251282676	3.015633042	5.010450677	4.126059919	0.873747438	5.400767114	4.763295324	4.239816182	5.644726349	2.372427741	6.502489093	3.095851171	3.108768552	2.358068737	3.741140146	6.43085958	3.132670375	1.763933059	5.577815871	2.782042343	5.692136388	3.690049514
6.234355442	4.200844982	6.409881605	5.274711338	6.036300199	5.437630101	2.762486701	0	7.932558546	5.382179859	9.42724225	7.399858098	3.057820479	4.643036707	7.528349109	7.648407236	8.708948911	5.432985062	9.546358886	0.970500358	6.877202168	4.373038434	2.207837024	6.437623738	5.621607572	6.724534978	4.950502419	5.097617202	1.560632753	5.106111124	6.219118696	2.45566286	4.033121672	9.045252126	3.467396311	5.25507489	6.145438973	6.760560121	6.033385506	7.406324115	4.929489234	5.735648242	6.211774598	3.38109404	5.329134442	7.297635957	3.590186432	7.859750257	1.828750389	4.173041366	8.48815369	7.500589862	1.29002699	3.742575971	2.031192673	2.022564896	6.669868025	2.455186612	7.500696267	9.070488615	1.132344886	6.9254852	9.474965525	1.162012096	1.824056428	5.738643378	5.592753164	5.780982285	2.453379245	4.040692913	5.495451436	7.864246121	6.745136547	7.283695619	0.605457316	6.987549577	8.100802394	7.071647821	4.924118575	1.745227172	7.479872264	6.734891554	2.084933334	8.152632249	7.227539027	6.986588057	8.289289558	5.133355639	9.045215202	1.955830617	1.703571138	5.060552221	6.503581778	8.923230519	5.498760131	4.493540585	8.240894206	5.523570284	8.397336897	6.451203148
2.448135733	4.333603034	1.732121691	2.673726987	2.792282006	3.084389634	5.311535611	7.932558546	0	3.147862843	1.522351317	0.656359903	4.925469528	4.077529749	0.580429894	2.070772181	1.284658386	2.611637435	2.036397902	7.027094264	1.760261647	3.667628309	5.810488736	2.881482812	2.858364562	3.150508523	3.815391068	3.038763035	6.400956793	2.849432147	1.784603352	5.635557349	4.932696501	1.285649123	4.470468971	4.581069522	3.391055826	1.929728578	2.048059244	1.763202849	3.397685833	3.447880802	2.288205206	4.555552434	2.736545288	2.624777783	4.384213914	1.307126126	7.741426946	4.762284267	0.760164349	2.018836258	6.769368595	4.332952138	5.957607789	8.612203089	1.518149618	5.490913036	2.018660264	1.284380155	9.003227449	2.020776849	1.550077533	6.977850276	6.309763562	2.229956644	2.709314968	2.43180776	5.52128077	3.895724684	3.273051019	0.984608427	1.570978272	1.77157239	8.519027996	0.992528423	1.542812886	1.342496353	3.060670311	8.283926703	0.978990731	1.197718392	6.173033095	1.537552779	1.105887	1.625651385	0.39331925	3.330312424	1.285634884	8.332955807	8.387940029	3.828807722	2.327750652	1.371307855	2.587300245	3.576386739	0.450901277	2.668344118	0.892708863	2.510879132
3.177228329	1.274601559	2.545792258	1.744824262	0.65894127	0.065159014	2.621125915	5.382179859	3.147862843	0	4.627171129	2.908083638	2.39267704	0.940285801	3.028352585	2.269583916	3.502362141	2.142244452	5.150940827	4.632620434	3.22631836	1.197841374	3.178146679	1.118884573	0.29317363	1.517584266	0.667926442	0.647323197	4.040463607	1.21697235	1.484338331	2.927303167	1.802560935	4.431547261	2.370364236	1.597992014	1.077795858	1.448097838	2.32491665	3.739584254	0.47588631	0.721250021	0.918169763	2.258480524	2.1973503	1.944017252	1.941295302	2.593323605	4.776165294	1.627503412	3.883255656	2.125328911	4.467339631	1.678815946	3.361282494	5.637871925	1.631483525	3.01217683	2.125446511	3.976468338	6.328161773	3.499321681	4.619466115	4.693929567	4.159662713	1.293191392	2.663320964	0.758739331	3.326872604	1.783570143	0.290030351	2.68832018	1.610789167	1.945936415	5.908622537	2.186180878	4.128227796	3.082304444	1.093705451	5.33981721	3.260984403	2.165575978	3.369743005	2.839262398	3.069815751	1.7298459	3.393715448	0.248831472	4.431530617	5.355396471	5.455910196	0.699122176	1.13255999	4.469452068	2.251769899	1.063099228	3.281889805	0.614629401	3.273595269	1.06904021
3.60230507	5.840944744	3.084628886	4.153332988	4.203040846	4.562581806	6.830663308	9.42724225	1.522351317	4.627171129	0	2.032143827	6.439508131	5.565131778	1.906728326	3.082141251	1.589346292	4.037047643	1.044450493	8.508837406	2.847813971	5.189528171	7.324364331	4.194020813	4.334501638	4.368633304	5.289999356	4.557594259	7.88485387	4.366154348	3.30624325	7.154225903	6.42540067	0.548574803	5.960026412	5.974848184	4.718374993	3.295512584	3.443739133	2.551032063	4.905552911	4.844673585	3.733933555	6.059293082	4.154582999	3.71928555	5.899010525	2.319105205	9.263404438	6.252360641	0.97624867	3.099699501	8.241605205	5.854675547	7.468203488	10.13422353	3.000505806	6.996193002	3.099501288	1.022239098	10.5079322	2.992240367	0.155381218	8.44515046	7.767185121	3.750912667	4.032319678	3.935586581	6.998071965	5.401022895	4.723980993	2.070371804	3.01947698	2.981300013	10.01809316	2.512831079	1.914840362	2.504489748	4.580999574	9.806272587	2.058125154	2.706697099	7.693956443	2.329834793	2.294681335	2.980731924	1.233456081	4.823190195	0.548628651	9.854815303	9.910261715	5.290036143	3.696749662	0.885095381	3.993362065	5.098737529	1.35420379	4.178721114	1.527228113	3.866058601
1.795146224	3.999969494	1.088731411	2.125382629	2.682265848	2.848927796	4.844116348	7.399858098	0.656359903	2.908083638	2.032143827	0	4.438075918	3.79902543	0.13167278	2.366828631	1.908860043	2.009956458	2.283694951	6.477569042	1.132645902	3.233455208	5.32029784	2.883987975	2.634967255	3.226863916	3.568690721	2.675309253	5.854203975	2.385783205	1.438147281	5.164695399	4.631323488	1.659083339	3.932699176	4.440297652	3.356093978	1.94060538	1.425592731	1.256584932	3.076939668	3.330966604	2.151424274	4.042410578	2.130336486	2.823510395	3.901393551	1.703749185	7.315511295	4.468751286	1.093298469	2.276157824	6.209473162	3.890875747	5.457659297	8.183744604	1.374664299	4.979183827	2.276014381	1.939321375	8.487047889	1.417528328	2.092644978	6.413114667	5.736099148	1.807189088	2.064640512	2.153709895	4.966407948	3.387992833	3.082834003	1.408221511	1.496665027	1.960373688	7.992968214	0.772097508	1.300163491	0.71339989	2.616109949	7.846083413	0.473179211	0.758092648	5.714868147	2.003102843	0.488609449	1.686380443	1.046755208	3.054371022	1.659051208	7.907577092	7.945066468	3.60649641	2.300329277	1.606303449	1.973356588	3.158019235	1.099635555	2.357138286	1.507275953	2.487761268
3.608588801	1.430870223	3.541923521	2.34193546	3.050942893	2.441386361	0.451504428	3.057820479	4.925469528	2.39267704	6.439508131	4.438075918	0	1.854995869	4.569237491	4.627573694	5.652077535	2.597408951	6.66894553	2.247636858	4.112941962	1.315461965	0.885036085	3.497528549	2.603479889	3.847556111	2.107506917	2.043004571	1.647984477	2.076614232	3.176949172	0.742516857	1.694972716	6.097105615	0.727233979	2.810445217	3.304505839	3.715036749	3.168489863	4.676070314	1.921073509	2.879185097	3.16951299	0.469714069	2.523158409	4.336462772	0.541564831	4.803161047	2.952489704	1.724722364	5.530972898	4.475616747	2.074768098	0.713862275	1.037644457	3.801120682	3.614158874	0.621812373	4.475709923	6.024961113	4.088824559	4.240695309	6.475310494	2.301378668	1.799348761	2.703857796	2.912825897	2.725071809	1.012596704	1.059583913	2.557622502	4.807314363	3.687334334	4.240277096	3.622422338	3.958180559	5.308858095	4.219746508	1.877666729	3.448307354	4.587568394	3.732838607	1.307918066	5.100034478	4.338850705	3.932008406	5.267864287	2.148671828	6.097073189	3.535423212	3.537512069	2.245804876	3.482529956	6.015161796	2.689575172	1.437893781	5.208575979	2.468889514	5.345492023	3.450645218
3.791488943	0.447551535	3.295076817	2.271998673	1.494875466	1.005355169	1.945043405	4.643036707	4.077529749	0.940285801	5.565131778	3.79902543	1.854995869	0	3.923494944	3.111891318	4.42744746	2.677363567	6.063925622	3.98445547	3.976527421	1.153163564	2.489328385	1.818020196	1.233412993	2.081513138	0.318770352	1.193811133	3.43737619	1.72479836	2.361004196	2.212077452	0.862295719	5.357798113	2.113136303	1.095992697	1.504855998	2.369164291	3.012875005	4.519168798	0.749181472	1.0927299	1.854396122	1.905748643	2.691803846	2.680079948	1.570432439	3.512784122	3.877557475	0.687473118	4.804180292	2.979855708	3.868406414	1.217034242	2.679990466	4.730912222	2.566007647	2.426846034	2.979996721	4.912410913	5.523303901	4.219746126	5.55900999	4.092350293	3.648094219	2.063832039	3.181691823	1.653653942	2.864128316	1.699740078	0.917553875	3.622804015	2.550857242	2.845125596	5.134750902	3.103431393	4.972617443	3.892502849	1.500780623	4.444831647	4.119318641	3.044303717	2.573912682	3.739378774	3.910802078	2.661235004	4.331796215	0.748734779	5.357779778	4.448772173	4.564419058	0.417717731	2.019713647	5.381736226	2.794152402	1.081571899	4.22166657	1.442464745	4.209869166	1.915019459
1.870630317	4.128128784	1.198361757	2.254339102	2.788190422	2.968703283	4.975648442	7.528349109	0.580429894	3.028352585	1.906728326	0.13167278	4.569237491	3.923494944	0	2.40597232	1.856195604	2.131875502	2.154167806	6.604706567	1.181490663	3.36496868	5.451276898	2.975647576	2.753185984	3.308538826	3.69043611	2.804186871	5.981711359	2.51745201	1.563396561	5.29615582	4.75785938	1.527868125	4.061445767	4.552752986	3.454172378	2.026466007	1.543450943	1.244744222	3.203708554	3.439250901	2.258655621	4.172666104	2.25106555	2.88333174	4.032736254	1.716460442	7.447137927	4.594698788	0.962696269	2.322373722	6.335552026	4.022520617	5.588270095	8.315396508	1.47718168	5.109325918	2.322223134	1.851803543	8.616572594	1.450817213	1.970403398	6.538581891	5.860525094	1.937804954	2.170562856	2.275764331	5.093303803	3.518661389	3.198661814	1.41104816	1.5909744	2.017024614	8.121891073	0.873817735	1.217453168	0.762655822	2.747662054	7.977756186	0.444137067	0.886173057	5.846470363	2.002117369	0.527025453	1.762207537	0.961111339	3.177904854	1.527835698	8.039208328	8.076730927	3.726152631	2.393929644	1.47590322	2.092419329	3.289227723	1.030803009	2.482303342	1.457684784	2.581601184
3.793866668	3.513863227	2.920083261	3.075403527	1.627803183	2.212343315	4.885943256	7.648407236	2.070772181	2.269583916	3.082141251	2.366828631	4.627573694	3.111891318	2.40597232	0	1.563548419	3.289333367	3.940561592	6.875200629	3.362113216	3.340864725	5.441608387	1.341499297	2.028208782	1.347943642	2.79381589	2.614394434	6.269638361	2.852409753	1.951965573	5.195340029	3.926106751	3.143096081	4.465291968	3.131431874	1.826944304	0.970113356	3.003488222	3.616155785	2.719512711	2.104060269	1.475522504	4.419840513	3.408941025	0.643415798	4.134310718	0.793090838	6.986803039	3.749188014	2.75675072	0.159013233	6.689746617	3.91951118	5.622238133	7.834164409	1.440627521	5.249252961	0.158976941	2.149824355	8.596283688	3.680146542	3.009310337	6.915257161	6.33860114	2.341738574	3.672080594	1.974623299	5.497945841	3.83310832	2.198041728	1.103606895	1.264952296	0.505022977	8.178092038	1.758296583	3.584760492	2.990921091	2.925571989	7.554833419	2.838573325	2.089479241	5.636617544	0.775275469	2.815776037	0.914087995	2.038788051	2.518046107	3.143106346	7.552754997	7.675290755	2.7268167	1.146071021	3.347253045	3.341728354	3.208287778	1.866526277	2.204746324	1.558040651	1.205626302
3.695273134	4.774677716	2.908803899	3.61809627	2.955000851	3.437933174	5.984605351	8.708948911	1.284658386	3.502362141	1.589346292	1.908860043	5.652077535	4.42744746	1.856195604	1.563548419	0	3.662254373	2.559686989	7.855356038	3.036666077	4.339110659	6.520625023	2.817978051	3.217106534	2.903490485	4.123065168	3.626092072	7.23080795	3.629982708	2.519251469	6.307559274	5.281594286	1.79744314	5.318983092	4.63412486	3.334511372	2.058295635	3.166193708	3.036524228	3.876468573	3.542491178	2.587278457	5.348222144	3.791796059	2.206132019	5.119063482	0.918332494	8.274170928	5.103538094	1.615944066	1.617550885	7.626700741	4.987174275	6.686348541	9.138384814	2.039835677	6.255960523	1.617356743	0.593676643	9.728663041	3.304444369	1.491379726	7.844982021	7.207859977	3.004584778	3.863204392	2.944814187	6.385025926	4.700439055	3.523324122	0.844763304	1.968395525	1.610080879	9.273165025	1.837597629	2.702730978	2.61686697	3.791032651	8.835285923	2.262964044	2.182785319	6.805095141	0.788277799	2.382910096	1.7742341	0.968597665	3.732791908	1.797470286	8.855949602	8.949196237	4.089300208	2.422550488	2.086463562	3.665046127	4.223352804	0.841169968	3.204466875	0.402540958	2.559899879
1.126186704	2.663171148	0.976901094	0.408494689	2.422675217	2.118940472	3.038231596	5.432985062	2.611637435	2.142244452	4.037047643	2.009956458	2.597408951	2.677363567	2.131875502	3.289333367	3.662254373	0	4.118137562	4.493528774	1.516465917	1.670105307	3.447562706	2.887255215	2.030659681	3.346179535	2.59858725	1.545284134	3.876024506	0.96257637	1.337368889	3.339865128	3.324992268	3.622754238	1.991522234	3.6653932	3.115424396	2.368507392	0.600947888	2.081901212	1.970276624	2.84261615	2.064495063	2.153422811	0.12963066	3.380625722	2.100269419	3.038849769	5.547965684	3.204240624	3.075590975	3.137039093	4.215524173	2.213612584	3.561848471	6.398506337	1.86002843	3.068140487	3.137016445	3.863125131	6.538702147	1.668233714	4.102121568	4.414517517	3.73217174	1.020204479	0.521471973	1.618040844	2.983017658	1.550935581	2.427154162	2.890670454	2.027763645	2.786334066	6.032717566	1.827548143	2.715339073	1.644480349	1.176583342	6.044836111	2.046954187	1.481260791	3.905281965	3.388391884	1.794637552	2.377573478	2.997908402	2.114755838	3.622715069	6.132512402	6.132023316	2.710023897	2.444700923	3.490291967	0.116887425	1.668394587	2.995382929	1.579861777	3.281549686	2.561682838
3.41616271	6.281068739	3.143575785	4.327678181	4.827492692	5.089063913	7.089493734	9.546358886	2.036397902	5.150940827	1.044450493	2.283694951	6.66894553	6.063925622	2.154167806	3.940561592	2.559686989	4.118137562	0	8.597935235	2.697553407	5.506642614	7.541744051	4.907722581	4.866826399	5.146946619	5.818033184	4.958211003	7.986590369	4.653113092	3.71165985	7.405463962	6.905996023	0.797619504	6.106824848	6.615981332	5.422247185	3.962398379	3.521344845	2.236150337	5.353549229	5.483586644	4.317840508	6.249372125	4.218256023	4.55501554	6.141029162	3.149742194	9.579954582	6.740695855	1.277914095	3.930115294	8.309310604	6.157387967	7.667112928	10.44529823	3.537592393	7.177832442	3.929922079	2.035413232	10.65618202	2.730144809	1.190948376	8.498895478	7.807064646	4.089898568	3.979956909	4.410514988	7.093200735	5.609827385	5.295188379	2.856765788	3.604223186	3.747149171	10.14788488	2.964771676	1.507802	2.475079893	4.889244761	10.10246255	2.08207456	3.040057788	7.9631025	3.234261396	2.33240313	3.654059518	1.91966269	5.315647101	0.797610407	10.17130595	10.19783951	5.842064931	4.362367758	0.682190958	4.048223876	5.43637364	2.08493549	4.628006041	2.402974536	4.544175312
5.268935097	3.536991398	5.469319818	4.357180267	5.291555381	4.683480959	2.041341176	0.970500358	7.027094264	4.632620434	8.508837406	6.477569042	2.247636858	3.98445547	6.604706567	6.875200629	7.855356038	4.493528774	8.597935235	0	5.920138357	3.549498729	1.496862564	5.723912735	4.850436528	6.048178454	4.274772663	4.281352483	0.626943146	4.230169004	5.346039535	1.780565106	3.501031829	8.113879266	2.557931799	4.738714742	5.483829302	5.957845207	5.094471758	6.444600359	4.164922648	5.062958094	5.41456279	2.507153663	4.386049946	6.572621502	2.75378636	7.029245688	2.174716784	3.614768883	7.560887879	6.723108748	0.327724399	2.957997787	1.305773753	2.674354783	5.816933592	1.625970244	6.723201108	8.192029573	2.102825989	5.961625789	8.561817502	0.300093855	0.859088116	4.861570237	4.633736662	4.958361495	1.511816584	3.158210833	4.77847379	7.012729671	5.904553448	6.483581693	1.574608803	6.099512502	7.143318583	6.125308441	4.064926998	2.331287306	6.539369485	5.831584482	1.605573121	7.334447761	6.287232877	6.16507716	7.391201281	4.386041176	8.113841112	2.521367484	2.338685064	4.398811019	5.730117895	7.982032379	4.554680992	3.677246949	7.350961041	4.705593221	7.530125011	5.695680977
0.754670272	4.056633006	0.683666089	1.827649493	3.226628541	3.180543744	4.554652921	6.877202168	1.760261647	3.22631836	2.847813971	1.132645902	4.112941962	3.976527421	1.181490663	3.362113216	3.036666077	1.516465917	2.697553407	5.920138357	0	3.120758257	4.955621472	3.560572334	3.01006658	3.970946793	3.82010992	2.782720244	5.316887199	2.298227285	1.831387988	4.855161097	4.720889377	2.349869541	3.486945152	4.824309849	3.95277397	2.716875507	0.989194685	0.568066992	3.228352678	3.812387013	2.72004112	3.664605492	1.59186103	3.716608557	3.615726868	2.786175477	7.064279068	4.581023289	1.883398145	3.246927291	5.625168771	3.710715861	5.062941981	7.91359466	2.081212961	4.566653723	3.246816416	3.007353541	7.996642783	0.32035678	2.949517153	5.810267043	5.11678377	1.937630751	1.287550392	2.501832213	4.426378092	3.066828269	3.46854842	2.512422096	2.253117341	2.898549347	7.481320308	1.606991026	1.223607798	0.419971727	2.544338766	7.558834561	0.823565079	1.316108976	5.420841599	3.10616985	0.654561638	2.544653287	2.129218928	3.293752339	2.349821599	7.648346816	7.644598117	3.89855297	2.991684702	2.135878966	1.423830743	3.090216947	2.211161718	2.612761198	2.636665901	3.165513742
2.793460166	1.014576524	2.47415745	1.299681869	1.826585811	1.230902121	1.655782917	4.373038434	3.667628309	1.197841374	5.189528171	3.233455208	1.315461965	1.153163564	3.36496868	3.340864725	4.339110659	1.670105307	5.506642614	3.549498729	3.120758257	0	2.182395485	2.311493738	1.347688702	2.714846375	1.221664987	0.732025473	2.935584415	0.855737762	1.89166123	1.98071634	1.664340898	4.883248329	1.173010433	2.243784787	2.241674745	2.409342063	2.131918748	3.686379259	0.73850342	1.836030118	1.869727684	1.082781511	1.651996615	3.107302581	0.796406988	3.487858593	4.083652213	1.557155108	4.314975523	3.186032536	3.351600884	0.665556862	2.347284725	4.953066081	2.30427827	1.928878232	3.186113454	4.724371298	5.3922567	3.316278485	5.214991097	3.576453945	3.001644182	1.439678096	2.132779364	1.410638959	2.161729169	0.602408288	1.433710901	3.494478896	2.372657292	2.935164119	4.934085661	2.683545424	4.242085434	3.134871456	0.617617737	4.619640929	3.449836589	2.495673345	2.507103138	3.786866758	3.212246525	2.617999755	3.993343442	0.988657195	4.883220033	4.675811639	4.721915792	1.368223088	2.204620701	4.836049556	1.784253325	0.136350572	3.923285425	1.156245453	4.038987149	2.196728825
4.40993847	2.041781787	4.406029759	3.214601267	3.834527088	3.232585491	0.557456863	2.207837024	5.810488736	3.178146679	7.324364331	5.32029784	0.885036085	2.489328385	5.451276898	5.441608387	6.520625023	3.447562706	7.541744051	1.496862564	4.955621472	2.182395485	0	4.249393611	3.414144255	4.559974425	2.783538585	2.89823715	0.997098691	2.961462023	4.058730067	0.288877349	2.034648413	6.979018817	1.477077673	3.264794174	3.991380954	4.554055181	4.030120228	5.513450876	2.722203399	3.572418238	4.004840451	1.29500776	3.364225646	5.104990005	1.426350756	5.660031985	2.155107105	2.134661512	6.413483928	5.293266909	1.414193154	1.538088793	0.191098007	2.974151386	4.486614053	0.429363754	5.293372045	6.903616807	3.21015189	5.063986475	7.360345155	1.629814867	1.350367813	3.587712634	3.721374467	3.582054047	0.940610253	1.934560936	3.303934849	5.676228506	4.552862185	5.07655321	2.75482552	4.842038366	6.162877276	5.08298522	2.759760122	2.612930732	5.459670379	4.617745409	0.555164047	5.948388201	5.209731039	4.784636325	6.152143128	2.929518174	6.978985903	2.719601628	2.692910876	2.904861575	4.296303937	6.891941146	3.533331893	2.297432665	6.091427442	3.323410294	6.220776396	4.246933623
3.73688914	2.24530254	2.943424674	2.547350628	0.504884231	1.081052794	3.692803938	6.437623738	2.881482812	1.118884573	4.194020813	2.883987975	3.497528549	1.818020196	2.975647576	1.341499297	2.817978051	2.887255215	4.907722581	5.723912735	3.560572334	2.311493738	4.249393611	0	0.992226793	0.459885562	1.500694934	1.669894353	5.141819479	2.124173675	1.75071834	3.985879719	2.599570946	4.127974629	3.484272546	1.816157818	0.524715165	0.95733038	2.854070974	3.978894836	1.59391153	0.765153393	0.859085099	3.377363644	2.977045816	0.862807338	3.059182535	1.917032984	5.669740224	2.424502599	3.639824952	1.233457011	5.570840298	2.785422503	4.436463515	6.509582307	1.524878685	4.112767859	1.233629605	3.37026134	7.339699306	3.87105788	4.150591682	5.797412454	5.275420218	1.875097523	3.376958692	1.272386567	4.444563948	2.884154717	0.945849263	2.126071557	1.387647924	1.223443087	6.943562778	2.114979904	4.183618783	3.295989574	2.088563749	6.238468669	3.326032329	2.279409292	4.384844832	2.056983347	3.202618638	1.255842762	3.008373285	1.353209844	4.127971305	6.229059294	6.360861456	1.413548882	0.585312612	4.252060344	2.977353916	2.175604342	2.858787427	1.376743527	2.698695381	0.400274364
3.015081267	1.557582311	2.336137705	1.651224971	0.489711341	0.228247724	2.859307345	5.621607572	2.858364562	0.29317363	4.334501638	2.634967255	2.603479889	1.233412993	2.753185984	2.028208782	3.217106534	2.030659681	4.866826399	4.850436528	3.01006658	1.347688702	3.414144255	0.992226793	0	1.431273335	0.957464971	0.677674708	4.249554997	1.167420507	1.227153632	3.171263945	2.095656006	4.142896995	2.512866407	1.830155543	1.091875634	1.169177971	2.144918321	3.508790608	0.692221133	0.824753809	0.629981945	2.42851899	2.10046004	1.759715116	2.125462512	2.311773353	5.057891339	1.920673637	3.596783213	1.879143431	4.672990709	1.892771123	3.594193917	5.921349635	1.340819792	3.225234527	1.879247936	3.685854491	6.583629362	3.293003471	4.326376705	4.899192883	4.34402933	1.102911171	2.54589434	0.510086178	3.505832221	1.900985282	0.461332107	2.39881353	1.317623573	1.677347691	6.156305599	1.903059243	3.870982631	2.842470159	1.10249472	5.620248487	3.000499672	1.900861284	3.629402544	2.566771698	2.817234943	1.443101334	3.101063226	0.516078499	4.142880966	5.638902019	5.735349253	0.975571425	0.882298199	4.185910695	2.134170919	1.211558245	2.98876235	0.450880646	2.982941675	0.851383831
4.179030896	2.525315365	3.370860757	3.007198321	0.954180957	1.489370082	4.00779669	6.724534978	3.150508523	1.517584266	4.368633304	3.226863916	3.847556111	2.081513138	3.308538826	1.347943642	2.903490485	3.346179535	5.146946619	6.048178454	3.970946793	2.714846375	4.559974425	0.459885562	1.431273335	0	1.777401372	2.105589717	5.480309857	2.578740501	2.183858199	4.287801451	2.787679485	4.355673725	3.886189219	1.82710887	0.586728113	1.288697411	3.298602185	4.366466457	1.982367009	0.989285875	1.304143606	3.762310446	3.436647839	0.730862387	3.436545836	2.051576139	5.851972639	2.620258701	3.898235439	1.287102047	5.91117794	3.142744205	4.749448474	6.673887553	1.903927419	4.454096745	1.287298214	3.481264613	7.588866211	4.285120378	4.310422992	6.137189591	5.639649722	2.332118612	3.833581455	1.732224561	4.817051083	3.299925673	1.297956698	2.306557109	1.748526959	1.400812495	7.211883892	2.470591621	4.525007503	3.686582441	2.533301948	6.419782727	3.682473424	2.671074607	4.651862733	2.117593924	3.577278365	1.549383006	3.229223096	1.734041927	4.355675475	6.396188864	6.545115924	1.663999332	0.980289955	4.509052811	3.435441958	2.580516751	3.06902948	1.83204833	2.8462419	0.815496756
3.691435751	0.749708217	3.136445511	2.190094913	1.180606374	0.731031364	2.233436066	4.950502419	3.815391068	0.667926442	5.289999356	3.568690721	2.107506917	0.318770352	3.69043611	2.79381589	4.123065168	2.59858725	5.818033184	4.274772663	3.82010992	1.221664987	2.783538585	1.500694934	0.957464971	1.777401372	0	1.062437977	3.716693571	1.636012635	2.136484295	2.510422661	1.158578622	5.099368971	2.287904191	1.072072412	1.209248068	2.06602373	2.878515975	4.350493075	0.62866439	0.788903717	1.563594108	2.105709841	2.62801336	2.363218332	1.768382004	3.206682122	4.194281225	0.980648639	4.55109937	2.662583741	4.148060889	1.432588952	2.973419684	5.045936647	2.298236987	2.69722354	2.662726275	4.615940301	5.839320882	4.077323808	5.279383586	4.373133477	3.906688382	1.886282995	3.114250555	1.414990281	3.106261881	1.809373034	0.603414617	3.325750718	2.270877872	2.53399359	5.44731453	2.853316447	4.771427931	3.707535486	1.436824455	4.761868367	3.909266512	2.820581359	2.886916764	3.427283935	3.710009548	2.363082557	4.056785037	0.52858056	5.099352455	4.763951115	4.881823849	0.149547485	1.708563179	5.136347676	2.71406101	1.12119199	3.941612569	1.230153799	3.914266582	1.599088546
2.629127133	1.326960983	2.101424814	1.13824745	1.166801442	0.647596172	2.358658394	5.097617202	3.038763035	0.647323197	4.557594259	2.675309253	2.043004571	1.193811133	2.804186871	2.614394434	3.626092072	1.545284134	4.958211003	4.281352483	2.782720244	0.732025473	2.89823715	1.669894353	0.677674708	2.105589717	1.062437977	0	3.667538566	0.589087029	1.257914021	2.681467566	1.972699104	4.290999715	1.860782214	2.121744521	1.716332016	1.677411827	1.823453864	3.326497508	0.446621667	1.368052446	1.140123601	1.805596378	1.585299299	2.41637879	1.528400239	2.762468821	4.711383501	1.81954131	3.72621465	2.458551385	4.082815235	1.361643814	3.068102535	5.582082569	1.606195732	2.659444728	2.458626999	4.032962751	6.103265469	3.028276968	4.571689176	4.307381416	3.724224353	0.885790513	2.065024317	0.683846158	2.883568285	1.236820385	0.935573033	2.783155962	1.657868614	2.203219757	5.652978929	2.046235011	3.798281864	2.707710989	0.446602679	5.26065017	2.958360127	1.918153232	3.185665732	3.057033962	2.739722873	1.889260812	3.34054216	0.57078885	4.290975845	5.301599472	5.368472321	1.166556814	1.487257197	4.278555008	1.659344018	0.605189801	3.256760591	0.426008989	3.339791913	1.498287713
