NAME: multi_modal_data
TYPE: MM

VEHICLES: 2
DIMENSION: 30

NUM_T: 3
NUM_D: 3

MAXIMUM_SYSTEM_DURATION: 300
UNIT: MIN

SERVICETIME: 5
UNIT: MIN

MAX_WAITING_TIME: 15
UNIT: MIN

INIT_SOC: 100
MAX_SOC: 100
MIN_SOC_T: 3
MIN_SOC_D: 3
UNIT: %

DEMAND_T: 10
DEMAND_D: 0
UNIT: EA

MASS_T: 1940
MASS_D: 5
UNIT: KG

LIFT_TO_DRAG: 3
POWER_MOTOR_PROP: 0.5
UNIT: RATIO

POWER_ELEC: 0.1
UNIT: KW

CARGO_LIMIT_DRONE: 6
UNIT: KG

CARGO_LIMIT_TRUCK: 1000
UNIT: KG

BATTERY_KWH_T: 58.8
BATTERY_KWH_D: 0.36
UNIT: KWH 

ENERGY_KWH/KM_T: 0.3226 
ENERGY_KWH/KM_D: 0.0231
UNIT: KWH/KM

CHARGING_KW_D: 1.2
CHARGING_KW_T: 80
UNIT: KW 

LOSISTIC_KWH/KG_T: 0.001
LOSISTIC_KWH/KG_D: 0.001
UNIT: KWH/KG

SPEED_T: 1.0 
SPEED_D: 1.5
UNIT: KM/MIN

NODE_COORD_SECTION   
0   37.49808845   126.953086
1   37.4975577   126.9379274
2   37.50547361   126.9499672
3   37.50603801   126.9604218
4   37.50660641   126.9240309
5   37.49415578   126.9606077
6   37.50596713   126.9416001
7   37.50407056   126.9331921
8   37.49241456   126.9154005
9   37.4937892   126.9796331
10   37.48588021   126.9070485
11   37.51022314   126.9574775
12   37.49030691   126.9167827
13   37.50510011   126.9387809
14   37.50936871   126.9295597
15   37.49342021   126.9822736
16   37.50618468   126.96231
17   37.49313816   126.9768685
18   37.49961665   126.9242845
19   37.50283956   126.9782351
20   37.50977151   126.9513009
21   37.50461494   126.9229638
22   37.50528157   126.9266153
23   37.4957113   126.9333544
24   37.4841614   126.9670506
25   37.50253458   126.954541
26   37.4964296   126.9551598
27   37.49773628   126.9784699
28   37.49660641   126.9240309
29   37.48964207   126.9759379


DEMAND_SECTION
0   0
1   1
2   1
3   1
4   1
5   1
6   1
7   1
8   1
9   1
10   1
11   1
12   1
13   1
14   1
15   1
16   1
17   1
18   1
19   1
20   1
21   1
22   1
23   1
24   1
25   1
26   1
27   1
28   1
29   1


LOGISTIC_LOAD_SECTION
0   0
1   3
2   3
3   3
4   3
5   3
6   3
7   3
8   3
9   3
10   3
11   3
12   3
13   3
14   3
15   3
16   3
17   3
18   3
19   3
20   3
21   3
22   3
23   3
24   3
25   3
26   3
27   3
28   3
29   3


AVAILABILITY_LANDING_SPOT_SECTION
0   1
1   1
2   1
3   1
4   1
5   1
6   1
7   1
8   1
9   1
10   1
11   1
12   1
13   1
14   1
15   1
16   1
17   1
18   1
19   1
20   1
21   1
22   1
23   1
24   1
25   1
26   1
27   1
28   1
29   1



CUSTOMER_DRONE_PREFERENCE_SECTION
0   1
1   1
2   1
3   1
4   1
5   1
6   1
7   1
8   1
9   1
10   1
11   1
12   1
13   1
14   1
15   1
16   1
17   1
18   1
19   1
20   1
21   1
22   1
23   1
24   1
25   1
26   1
27   1
28   1
29   1


DEPOT_SECTION
0

EDGE_KM_D_TYPE: EUC_2D(haversine)
EDGE_KM_T_TYPE: MAN_2D(haversine)
EDGE_KM_D_FORMAT : FULL_MATRIX
EDGE_KM_D_FORMAT : FULL_MATRIX


EDGE_KM_D
0   1.338586648   0.866055559   1.095509439   2.732479704   0.794706864   1.339448501   1.876787564   3.38404495   2.390324992   4.28257047   1.403824937   3.317638411   1.483350916   2.424917993   2.626788081   1.213491464   2.169147332   2.546496627   2.28059805   1.308607582   2.754558652   2.468297946   1.760689035   1.978938442   0.510778163   0.259798206   2.239696174   2.568536496   2.224120832
1.338586648   0   1.379424637   2.196997273   1.585921575   2.036342112   0.989623997   0.836038599   2.068036303   3.70314943   3.017964191   2.226548287   2.032248324   0.842051742   1.506544051   3.939282429   2.35512394   3.470451145   1.225140194   3.603991843   1.798943662   1.535664833   1.316601483   0.452671859   2.970037047   1.566602204   1.525417978   3.576705046   1.23051026   3.467045404
0.866055559   1.379424637   0   0.92433521   2.2913021   1.570000216   0.740101125   1.487955768   3.377502295   2.921813563   4.368448675   0.847217259   3.378538868   0.98762544   1.851481224   3.149415065   1.091626864   2.741049698   2.357322261   2.510712796   0.492172106   2.383910516   2.059996594   1.823760689   2.808472238   0.519216849   1.105060449   2.657490404   2.491400083   2.88933484
1.095509439   2.196997273   0.92433521   0   3.210645902   1.321347291   1.660278908   2.411901769   4.250774181   2.174233776   5.214960982   0.53292978   4.228565439   1.911799282   2.747358061   2.384233159   0.167354249   2.040238737   3.266790159   1.611088067   0.905328927   3.307983052   2.983267531   2.649532445   2.501880833   0.648743976   1.164889674   1.840365527   3.37720358   2.279812506
2.732479704   1.585921575   2.2913021   3.210645902   0   3.511147032   1.551400805   0.855897382   1.752125532   5.107905365   2.748828148   2.977510167   1.921912889   1.311835143   0.576348268   5.343112339   3.376903261   4.895858572   0.777548808   4.799739624   2.431024049   0.240617397   0.271426156   1.46429531   4.542379904   2.729163402   2.970065714   4.902545174   1.111950802   4.952508414
0.794706864   2.036342112   1.570000216   1.321347291   3.511147032   0   2.129919221   2.657976015   3.993098316   1.678993832   4.814225967   1.807823915   3.890125381   2.277838287   3.219172871   1.913208583   1.34595821   1.439056455   3.261481637   1.830465981   1.920701243   3.518620281   3.243888178   2.410580581   1.248273672   1.074461199   0.543074365   1.625351261   3.238379934   1.442652239
1.339448501   0.989623997   0.740101125   1.660278908   1.551400805   2.129919221   0   0.771078072   2.759162441   3.618116917   3.778937725   1.478301747   2.79742879   0.266716623   1.127401206   3.849802742   1.826976488   3.422730491   1.682798373   3.250297412   0.954541813   1.650783427   1.324010695   1.352635145   3.304627017   1.203661216   1.59861032   3.378780141   1.866953447   3.53152182
1.876787564   0.836038599   1.487955768   2.411901769   0.855897382   2.657976015   0.771078072   0   2.035525035   4.253461959   3.067735955   2.24877235   2.106643312   0.506114361   0.670622825   4.488928173   2.579252258   4.040287276   0.928832142   3.975730949   1.718544961   0.904285617   0.595571921   0.92961885   3.718045199   1.890981182   2.115988857   4.055849056   1.158447175   4.098164572
3.38404495   2.068036303   3.377502295   4.250774181   1.752125532   3.993098316   2.759162441   2.035525035   0   5.668990916   1.034864373   4.207024772   0.264189287   2.498791222   2.26146317   5.900962506   4.412439558   5.423643141   1.120545409   5.663165463   3.70873067   1.511824341   1.73949881   1.625831067   4.648616365   3.631710332   3.536005248   5.595537158   0.892747032   5.349958408
2.390324992   3.70314943   2.921813563   2.174233776   5.107905365   1.678993832   3.618116917   4.253461959   5.668990916   0   6.464168984   2.675660513   5.558566485   3.817045866   4.744788521   0.236542535   2.057942363   0.254422521   4.925709896   1.013884474   3.06673871   5.142134135   4.848533478   4.08844477   1.542254657   2.41778584   2.178972927   0.450733202   4.915366294   0.564744787
4.28257047   3.017964191   4.368448675   5.214960982   2.748828148   4.814225967   3.778937725   3.067735955   1.034864373   6.464168984   0   5.207567245   0.989912103   3.522027581   3.281076072   6.689796912   5.372675947   6.212816263   2.155323493   6.557356007   4.722090973   2.512216052   2.762961253   2.56547395   5.297714793   4.580974232   4.403840662   6.437704374   1.915064824   6.092587857
1.403824937   2.226548287   0.847217259   0.53292978   2.977510167   1.807823915   1.478301747   2.24877235   4.207024772   2.675660513   5.207567245   0   4.218080912   1.744800941   2.464333221   2.876730526   0.619153589   2.556400556   3.156597165   2.006658397   0.547117725   3.107604473   2.777188566   2.670610603   3.018491552   0.89330868   1.54734043   2.314516527   3.316253499   2.808804031
3.317638411   2.032248324   3.378538868   4.228565439   1.921912889   3.890125381   2.79742879   2.106643312   0.264189287   5.558566485   0.989912103   4.218080912   0   2.544015755   2.400641924   5.788400606   4.387296273   5.310515683   1.228679575   5.597637972   3.735914994   1.681836436   1.877503043   1.580727216   4.48757486   3.59788567   3.453582889   5.504636854   0.948464754   5.219717626
1.483350916   0.842051742   0.98762544   1.911799282   1.311835143   2.277838287   0.266716623   0.506114361   2.498791222   3.817045866   3.522027581   1.744800941   2.544015755   0   0.941748153   4.050682918   2.079010262   3.613707195   1.416712721   3.489410914   1.22042627   1.396288743   1.073327655   1.148509607   3.41191525   1.419204592   1.737011469   3.595651948   1.607819795   3.70131293
2.424917993   1.506544051   1.851481224   2.747358061   0.576348268   3.219172871   1.127401206   0.670622825   2.26146317   4.744788521   3.281076072   2.464333221   2.400641924   0.941748153   0   4.976851642   2.910446704   4.546885059   1.180007765   4.3545937   1.918220314   0.786081008   0.523447851   1.555092396   4.33541433   2.330950683   2.677658747   4.504222134   1.500574697   4.642283005
2.626788081   3.939282429   3.149415065   2.384233159   5.343112339   1.913208583   3.849802742   4.488928173   5.900962506   0.236542535   6.689796912   2.876730526   5.788400606   4.050682918   4.976851642   0   2.261887348   0.477894777   5.162052469   1.106321267   3.281925887   5.378238381   5.08410815   4.323330998   1.692316585   2.648159334   2.41535286   0.585607809   5.150538319   0.699250505
1.213491464   2.35512394   1.091626864   0.167354249   3.376903261   1.34595821   1.826976488   2.579252258   4.412439558   2.057942363   5.372675947   0.619153589   4.387296273   2.079010262   2.910446704   2.261887348   0   1.93752822   3.43295042   1.453189676   1.049799692   3.475138518   3.15023812   2.807300494   2.484336976   0.796488206   1.254777469   1.707242215   3.540783678   2.197497813
2.169147332   3.470451145   2.741049698   2.040238737   4.895858572   1.439056455   3.422730491   4.040287276   5.423643141   0.254422521   6.212816263   2.556400556   5.310515683   3.613707195   4.546885059   0.477894777   1.93752822   0   4.694626102   1.085463955   2.916828725   4.923641304   4.634310002   3.849617012   1.321632828   2.229682898   1.949866422   0.530448484   4.677419546   0.397323687
2.546496627   1.225140194   2.357322261   3.266790159   0.777548808   3.261481637   1.682798373   0.928832142   1.120545409   4.925709896   2.155323493   3.156597165   1.228679575   1.416712721   1.180007765   5.162052469   3.43295042   4.694626102   0   4.772754648   2.63713036   0.567864983   0.662618588   0.910389426   4.146050797   2.688747401   2.746755209   4.78472811   0.335470712   4.690066616
2.28059805   3.603991843   2.510712796   1.611088067   4.799739624   1.830465981   3.250297412   3.975730949   5.663165463   1.013884474   6.557356007   2.006658397   5.597637972   3.489410914   4.3545937   1.106321267   1.453189676   1.085463955   4.772754648   0   2.497760947   4.879619148   4.561584788   4.03783915   2.299405955   2.090422008   2.156818326   0.567837538   4.831718588   1.48142377
1.308607582   1.798943662   0.492172106   0.905328927   2.431024049   1.920701243   0.954541813   1.718544961   3.70873067   3.06673871   4.722090973   0.547117725   3.735914994   1.22042627   1.918220314   3.281925887   1.049799692   2.916828725   2.63713036   2.497760947   0   2.564495007   2.233972765   2.224993441   3.16860593   0.853959134   1.522107493   2.744968399   2.815985682   3.119883985
2.754558652   1.535664833   2.383910516   3.307983052   0.240617397   3.518620281   1.650783427   0.904285617   1.511824341   5.142134135   2.512216052   3.107604473   1.681836436   1.396288743   0.786081008   5.378238381   3.475138518   4.923641304   0.567864983   4.879619148   2.564495007   0   0.330522304   1.349215808   4.505638342   2.795100947   2.982486494   4.955883415   0.895470842   4.961103305
2.468297946   1.316601483   2.059996594   2.983267531   0.271426156   3.243888178   1.324010695   0.595571921   1.73949881   4.848533478   2.762961253   2.777188566   1.877503043   1.073327655   0.523447851   5.08410815   3.15023812   4.634310002   0.662618588   4.561584788   2.233972765   0.330522304   0   1.218966988   4.270962479   2.482257422   2.703621524   4.650669496   0.991210425   4.685885776
1.760689035   0.452671859   1.823760689   2.649532445   1.46429531   2.410580581   1.352635145   0.92961885   1.625831067   4.08844477   2.56547395   2.670610603   1.580727216   1.148509607   1.555092396   4.323330998   2.807300494   3.849617012   0.910389426   4.03783915   2.224993441   1.349215808   1.218966988   0   3.238518692   2.017166129   1.925365338   3.986492239   0.82853351   3.817089149
1.978938442   2.970037047   2.808472238   2.501880833   4.542379904   1.248273672   3.304627017   3.718045199   4.648616365   1.542254657   5.297714793   3.018491552   4.48757486   3.41191525   4.33541433   1.692316585   2.484336976   1.321632828   4.146050797   2.299405955   3.16860593   4.505638342   4.270962479   3.238518692   0   2.322054792   1.720920464   1.814806331   4.039953157   0.993119168
0.510778163   1.566602204   0.519216849   0.648743976   2.729163402   1.074461199   1.203661216   1.890981182   3.631710332   2.41778584   4.580974232   0.89330868   3.59788567   1.419204592   2.330950683   2.648159334   0.796488206   2.229682898   2.688747401   2.090422008   0.853959134   2.795100947   2.482257422   2.017166129   2.322054792   0   0.681035087   2.177316062   2.771069714   2.370328292
0.259798206   1.525417978   1.105060449   1.164889674   2.970065714   0.543074365   1.59861032   2.115988857   3.536005248   2.178972927   4.403840662   1.54734043   3.453582889   1.737011469   2.677658747   2.41535286   1.254777469   1.949866422   2.746755209   2.156818326   1.522107493   2.982486494   2.703621524   1.925365338   1.720920464   0.681035087   0   2.061553697   2.746296221   1.982442909
2.239696174   3.576705046   2.657490404   1.840365527   4.902545174   1.625351261   3.378780141   4.055849056   5.595537158   0.450733202   6.437704374   2.314516527   5.504636854   3.595651948   4.504222134   0.585607809   1.707242215   0.530448484   4.78472811   0.567837538   2.744968399   4.955883415   4.650669496   3.986492239   1.814806331   2.177316062   2.061553697   0   4.804269511   0.927343484
2.568536496   1.23051026   2.491400083   3.37720358   1.111950802   3.238379934   1.866953447   1.158447175   0.892747032   4.915366294   1.915064824   3.316253499   0.948464754   1.607819795   1.500574697   5.150538319   3.540783678   4.677419546   0.335470712   4.831718588   2.815985682   0.895470842   0.991210425   0.82853351   4.039953157   2.771069714   2.746296221   4.804269511   0   4.644515388
2.224120832   3.467045404   2.88933484   2.279812506   4.952508414   1.442652239   3.53152182   4.098164572   5.349958408   0.564744787   6.092587857   2.808804031   5.219717626   3.70131293   4.642283005   0.699250505   2.197497813   0.397323687   4.690066616   1.48142377   3.119883985   4.961103305   4.685885776   3.817089149   0.993119168   2.370328292   1.982442909   0.927343484   4.644515388   0



EDGE_KM_T
0   1.39629706   1.096331645   1.531110711   3.510374269   1.100852264   1.889347899   2.420206069   3.955495051   2.820020604   5.418889754   1.73673265   4.067918722   2.04164724   3.329781873   3.093993395   1.713995275   2.648522122   2.710774944   2.746934707   1.456578971   3.383071359   3.13506476   2.005034269   2.780565933   0.622746786   0.367405033   2.2785081   2.72801458   2.955173299
1.396306564   0   1.942359882   2.927421872   2.232119508   2.379129963   1.259092374   1.141945558   2.559212132   4.098310215   4.022612082   3.133041966   2.671634935   0.913974547   2.051523641   4.372284658   3.110307619   3.926810003   1.432520024   4.143257021   2.537924062   2.104817268   1.856808377   0.608740078   4.058847668   2.019054262   1.645679319   3.596511418   1.331726241   4.233460598
1.096304432   1.94224728   0   0.984964218   2.413816321   2.197091065   0.792943248   1.63575257   4.501248719   3.916093398   5.964570549   1.190611847   4.613684449   1.028280715   2.233272165   4.190043148   1.167832306   3.744619039   2.916749483   2.786419584   0.595551707   2.47746386   2.081237168   2.550944589   3.876748517   0.730262959   1.46369137   3.374591043   3.273843549   4.051278336
1.531041811   2.927196493   0.984957246   0   3.273239251   1.33764373   1.66814092   2.620698622   5.486182892   3.056633382   6.949499143   0.72508214   5.598619546   2.013230498   3.092698786   3.330581374   0.182866829   2.885160865   3.901689589   1.9269605   1.219700092   3.462403084   3.06617883   3.53589075   3.017296886   0.908308691   1.532568174   2.515131803   4.258783486   3.191820783
3.510081859   2.231970941   2.413781605   3.27321481   0   4.610858415   1.620849561   1.090076008   2.339344429   6.329835241   3.802655094   3.352459817   2.451782008   1.468578593   0.794845099   6.60378145   3.423462403   6.15836459   0.799596773   5.200163302   2.757407952   0.315569685   0.375283502   2.033900945   6.290507231   3.144038437   3.877466019   5.788334447   1.111950802   6.465025135
1.100887208   2.37922111   2.197233342   1.33764634   4.61139645   0   2.990288466   3.521185695   4.18197021   1.719256733   5.645403706   2.062769812   4.29438746   3.142600904   4.430778372   1.993241792   1.487738033   1.547745406   3.811795948   2.520751453   2.557474472   4.484098498   4.236074937   2.577358371   1.679743602   1.466909226   0.733472541   1.974006794   3.499445648   1.85439226
1.889240982   1.259055883   0.792938369   1.668142496   1.620862833   2.990023227   0   0.952558412   3.818044194   4.709014455   5.28136116   1.873791842   3.93048073   0.345089816   1.440321899   4.982962664   1.851009482   4.53754171   2.233550135   3.579341458   1.278735306   1.794263742   1.398039178   1.867750526   4.669676919   1.523198659   2.25662671   4.16751278   2.590644053   4.844201551
2.420065466   1.141909121   1.635780379   2.620761923   1.090103458   3.520864564   0.952577254   0   2.865525657   5.239898413   4.328861343   2.826404673   2.977959094   0.607481121   0.909550133   5.513852537   2.80363314   5.068419475   1.281011685   4.110222285   2.231334297   0.962793008   0.714812213   0.943825423   5.20053269   2.054026404   2.78745584   4.698394133   1.638106172   5.375077232
3.955747643   2.559348997   4.501782016   5.486907508   2.339489132   4.182063193   3.818463681   2.865770652   0   5.819835204   1.463450701   5.692509718   0.356306218   3.473328729   3.134426929   6.011765936   5.669804722   5.503533313   1.584636308   6.70285084   5.097354298   2.023901555   2.420184585   1.950581137   5.474589833   4.578504178   3.954254653   6.156106663   1.227538329   5.649256737
2.820155432   4.09849588   3.916502914   3.056911392   6.330677213   1.719264971   4.709561651   5.240462508   5.819730903   0   7.283167993   3.782036138   5.932147558   4.861875306   6.150056751   0.273986204   2.906635204   0.316297415   5.531076601   1.129693113   4.276743467   6.20337972   5.955354585   4.296635114   2.180646568   3.186176821   2.452739868   0.541518413   5.21872641   0.787146981
5.419553643   4.023038014   5.965563948   6.950770119   3.803070901   5.645927239   5.282181042   4.329423124   1.463515161   7.283846064   0   7.156349608   1.351111425   4.937024333   4.598051368   7.475797172   7.133681905   6.96752284   3.048220035   8.166850913   6.561146522   3.487475089   3.883786299   3.414234862   5.485328453   6.042321407   5.418076657   7.620108547   2.691120099   6.496664587
1.736669686   3.132749404   1.190569697   0.72506758   3.352316874   2.06271039   1.873711993   2.826228116   5.691624405   3.781605953   7.154899354   0   5.804067893   2.21878763   2.55749541   4.055540886   0.875307106   3.610147108   4.107175034   2.651939985   0.595025475   3.667881998   3.271675801   3.741421046   3.742331684   1.113943761   1.738206304   3.240110126   4.464267677   3.916811628
4.068252428   2.671816042   4.614279036   5.599430557   2.45192158   4.294586705   3.930939871   2.978225908   0.356309659   5.932406085   1.351060531   5.805025437   0   3.585797899   3.246873142   6.124343391   5.782332473   5.616097311   1.697069388   6.81541824   5.209854639   2.136331347   2.532623467   2.063036797   5.118408765   4.691012586   4.066764602   6.268674647   1.339970778   5.293097796
2.041528735   0.913966942   1.028285652   2.01325448   1.468604845   3.142318685   0.345092704   0.607474322   3.472978333   4.8613294   4.936303857   2.218900811   3.585413452   0   1.288058247   5.135280313   2.196123401   4.689853823   1.888475171   3.731654971   1.623837948   1.449190131   1.093316744   1.522666269   4.821978976   1.675487903   2.408916587   4.319826533   2.245569349   4.996512711
3.329468314   2.05140687   2.233178238   3.092577323   0.794827053   4.430220321   1.440273503   0.909527393   3.134143311   6.149135058   4.597426713   2.557523598   3.246585402   1.288011736   0   6.42307265   3.242818753   5.977673428   1.549684956   5.019467681   1.962491892   1.110393255   0.714183367   1.8533518   6.10984811   2.963420142   3.696845705   5.607638059   1.906777855   6.284337011
3.094154355   4.372501408   4.190503196   3.330907119   6.604688793   1.993260618   4.983565579   5.514470098   6.011686496   0.273987355   7.475127223   4.056033148   6.124102549   5.135880461   6.424065923   0   3.180630108   0.50822623   5.80508807   1.403681078   4.550743169   6.477391764   6.22936504   4.570642633   2.372579661   3.460175111   2.726737888   0.815506275   5.49273799   0.979076201
1.713907042   3.110059095   1.167821936   0.182866502   3.423481478   1.487713841   1.851004159   2.803560404   5.669041587   2.906381516   7.132356388   0.875330167   5.78147848   2.196093248   3.242941973   3.18032905   0   2.734909478   4.084549825   1.776708876   1.369947048   3.645263091   3.249039471   3.718752559   2.8670472   1.091174174   1.715433764   2.364880138   4.441643678   3.041569557
2.648661198   3.927013308   3.74501108   2.885411516   6.159205332   1.547764953   4.538076254   5.068983579   5.503480773   0.316299541   6.966924291   3.610538527   5.615896365   4.690392077   5.978580617   0.508228031   2.735133875   0   5.359604525   1.199316366   4.105250607   6.03190866   5.783880716   4.12515606   1.864356704   3.014681469   2.28124404   0.652571989   5.04725453   0.470850281
2.710722945   1.432486838   2.916927208   3.90196376   0.799598867   3.811561619   2.233680056   1.281058559   1.584560723   5.530695568   3.047940363   4.107591018   1.696986887   1.888569088   1.54974574   5.804663583   4.084844911   5.359202085   0   5.117755556   3.512488143   0.672294032   0.835528446   1.234379076   5.491263645   2.99361046   3.078124231   4.989185167   0.357095821   5.665854945
2.74679354   4.143005493   2.786507561   1.927027819   5.200404553   2.520570614   3.579476839   4.110287798   6.702076982   1.129678166   8.165424774   2.652121085   6.814508415   3.73176035   5.019843204   1.403636138   1.776771819   1.199300703   5.117550124   0   3.146762375   5.073095651   4.825109557   4.751717024   3.063544883   2.124054923   2.748312068   0.58817219   5.474644979   1.670140318
1.45655433   2.537731069   0.595544934   1.219659853   2.757305961   2.557302763   1.278691697   2.23121231   5.096618101   4.276208475   6.559897514   0.595028771   5.209060852   1.623768839   1.962481543   4.550144816   1.369900388   4.104748156   3.512163985   3.146541761   0   3.072871654   2.676663507   3.146405153   4.236927494   1.090505467   1.823930735   3.734712028   3.869256763   4.41141218
3.382839091   2.104692504   2.477491257   3.462466069   0.315572196   4.483633345   1.794293517   0.962786429   2.023792541   6.202654937   3.487122859   3.668110715   2.136226868   1.449199198   1.110430305   6.476607359   3.645336069   6.031177781   0.672286233   5.072979709   3.073044316   0   0.396230399   1.906611747   6.163297322   3.016799092   3.75022813   5.661151406   0.984639666   6.337836137
3.134839798   1.856705148   2.081242467   3.066209047   0.375287548   4.23562813   1.398051316   0.714802802   2.420014107   5.954634744   3.883337845   3.271856011   2.532449522   1.093314136   0.714197587   6.228585087   3.249077561   5.783159764   0.835512846   4.824960616   2.676794476   0.396227523   0   1.658627993   5.915287034   2.768798653   3.502227204   5.413132128   1.19260697   6.089818853
2.00508968   0.608750053   2.551136196   3.536220988   2.034020959   2.577308292   1.867850438   0.943827026   1.950511218   4.296530035   3.413929388   3.74183466   2.062931005   1.522726462   1.853413032   4.570510236   3.719110852   4.125023794   1.234420922   4.752094985   3.146703285   1.906721047   1.658704191   0   4.257040048   2.627840552   2.003588618   4.205349893   0.922070157   4.43167236
2.780795659   4.059308501   3.877178609   3.017468194   6.291647879   1.67981966   4.670332503   5.201328983   5.475093317   2.180789653   5.485450256   3.742626423   5.11877363   4.822678219   6.110964538   2.372746138   2.867170533   1.8644608   5.492044383   3.063791655   4.237403995   6.164362523   5.916295859   4.257499743   0   3.146800502   2.413356511   2.517049768   5.179697077   1.393600652
0.622739143   2.018956576   0.730278841   0.908333035   3.144185224   1.466849174   1.523251144   2.054065147   4.578036235   3.185917578   6.041387064   1.113970439   4.690467166   1.675535676   2.96362187   3.459876499   1.09120768   3.014433618   2.993506152   2.12406346   1.090533173   3.016876709   2.768889291   2.627669764   3.146529   0   0.73343056   2.644411184   3.350601099   3.321089684
0.367409097   1.645702284   1.463746854   1.532627909   3.877840302   0.733457907   2.256779504   2.787654151   3.954066079   2.452663533   5.417477147   1.738244077   4.066487041   2.40908437   3.697237072   2.726641499   1.715516173   2.281159633   3.078240481   2.748486814   1.823991566   3.750539484   3.502525729   2.003570115   2.413184203   0.733435023   0   2.201741524   2.7658895   2.587808987
2.278518661   3.596502865   3.374851601   2.515308825   5.788904968   1.973931241   4.167871325   4.698732978   6.155710173   0.541512989   7.619108321   3.240419843   6.268133273   4.320171835   5.608310285   0.815486881   2.365041441   0.65256329   4.989305538   0.588173606   3.735098373   5.661602499   5.41359439   4.205241968   2.516866664   2.644546835   2.201705542   0   4.928226136   1.123408516
2.72806545   1.331741858   3.274115265   4.259188996   1.111950802   3.49933976   2.590838358   1.63818696   1.227495593   5.218541367   2.690904935   4.464805784   1.339916842   2.245717364   1.906861223   5.492518773   4.442076863   5.047038052   0.357096723   5.47504414   3.869680944   0.984649762   1.192633458   0.922060298   5.179064698   3.350814782   2.765882998   4.9282988   0   5.353687603
2.955401303   4.233816013   4.051764064   3.192121327   6.466065425   1.854473996   4.844863791   5.375805839   5.649454988   0.787165082   6.496358501   3.917260496   5.29314425   4.997191257   6.285417878   0.979104476   3.041835888   0.470854124   5.666463571   1.670176133   4.411998084   6.33877316   6.090730137   4.43197765   1.393543124   3.321415565   2.587975581   1.123432726   5.354114623   0



EOF