NAME: multi_modal_data
TYPE: MM

VEHICLES: 2
DIMENSION: 100

NUM_T: 2
NUM_D: 2

MAXIMUM_SYSTEM_DURATION: 300
UNIT: MIN

SERVICETIME: 5
UNIT: MIN

MAX_WAITING_TIME: 15
UNIT: MIN

INIT_SOC: 100
MAX_SOC: 100
MIN_SOC_T: 3
MIN_SOC_D: 3
UNIT: %

DEMAND_T: 50
DEMAND_D: 0
UNIT: EA

MASS_T: 1940
MASS_D: 5
UNIT: KG

LIFT_TO_DRAG: 3
POWER_MOTOR_PROP: 0.5
UNIT: RATIO

POWER_ELEC: 0.1
UNIT: KW

CARGO_LIMIT_DRONE: 6
UNIT: KG

CARGO_LIMIT_TRUCK: 1000
UNIT: KG

BATTERY_KWH_T: 58.8
BATTERY_KWH_D: 0.36
UNIT: KWH 

ENERGY_KWH/KM_T: 0.3226 
ENERGY_KWH/KM_D: 0.0231
UNIT: KWH/KM

CHARGING_KW_D: 1.2
CHARGING_KW_T: 80
UNIT: KW 

LOSISTIC_KWH/KG_T: 0.001
LOSISTIC_KWH/KG_D: 0.001
UNIT: KWH/KG

SPEED_T: 1.0 
SPEED_D: 1.5
UNIT: KM/MIN

NODE_COORD_SECTION	
0	37.51214013	127.0432344
1	37.50731614	127.0338926
2	37.49038935	127.1027968
3	37.48738899	127.1018592
4	37.50936668	127.0670999
5	37.51944066	127.0536445
6	37.50002424	127.0365086
7	37.52228066	127.0527608
8	37.50002424	127.0365086
9	37.53024224	127.0330027
10	37.51897559	127.0623915
11	37.48493754	127.0644787
12	37.51432622	127.0544003
13	37.50528945	127.0619939
14	37.49230771	127.0452179
15	37.4919059	127.0521116
16	37.48574293	127.0814285
17	37.47858842	127.1114094
18	37.51604262	127.0348811
19	37.49147536	127.0526126
20	37.52548077	127.0223767
21	37.51631968	127.0423148
22	37.489542	127.0796221
23	37.48496029	127.0594065
24	37.51718924	127.0413014
25	37.49816465	127.0283079
26	37.51119883	127.0216579
27	37.508862	127.063073
28	37.53360292	127.0283258
29	37.48541757	127.1045604
30	37.52046807	127.054044
31	37.49400035	127.0658114
32	37.48473577	127.0876176
33	37.49044865	127.039997
34	37.49354047	127.0505467
35	37.48772527	127.0360742
36	37.48615258	127.056121
37	37.49561749	127.0577682
38	37.48790982	127.0981867
39	37.50044687	127.0605134
40	37.50450288	127.0489425
41	37.48407358	127.0844518
42	37.47903282	127.0657076
43	37.52643082	127.0284809
44	37.49605364	127.0788531
45	37.47711586	127.0518861
46	37.48613775	127.0424159
47	37.49903766	127.0392494
48	37.51201518	127.0575397
49	37.50393779	127.0603856
50	37.52509008	127.0513
51	37.49160529	127.058004
52	37.48661527	127.0471989
53	37.49708719	127.0449782
54	37.50002424	127.0365086
55	37.49358351	127.0780732
56	37.50882291	127.0645418
57	37.48698084	127.106951
58	37.49267955	127.0306305
59	37.49233075	127.0745897
60	37.47858842	127.1114094
61	37.48698084	127.106951
62	37.50528056	127.0289194
63	37.49147536	127.0526126
64	37.46682003	127.0969337
65	37.48005839	127.0641545
66	37.52269079	127.0328729
67	37.49828674	127.0301038
68	37.48811677	127.1030688
69	37.49012921	127.071565
70	37.48483867	127.0897795
71	37.46137037	127.1040205
72	37.50396606	127.0429099
73	37.4885025	127.0865469
74	37.49828846	127.0301032
75	37.51643246	127.0203269
76	37.47056578	127.1193125
77	37.52282078	127.0561406
78	37.52460119	127.0210076
79	37.48797908	127.1056314
80	37.49213604	127.0997527
81	37.5030427	127.0541314
82	37.5131779	127.065386
83	37.49812635	127.050691
84	37.49292753	127.0902766
85	37.49671719	127.071719
86	37.4893922	127.0506344
87	37.50796024	127.0303213
88	37.50288135	127.0413565
89	37.50015065	127.0334563
90	37.47463125	127.1161223
91	37.50937616	127.0423641
92	37.52794736	127.0438666
93	37.51909256	127.0496091
94	37.49835748	127.0614696
95	37.46450499	127.1026803
96	37.52012517	127.0447158
97	37.48811677	127.1030688
98	37.5103126	127.0463796
99	37.47974583	127.0878269


DEMAND_SECTION
0	0
1	1
2	1
3	1
4	1
5	1
6	1
7	1
8	1
9	1
10	1
11	1
12	1
13	1
14	1
15	1
16	1
17	1
18	1
19	1
20	1
21	1
22	1
23	1
24	1
25	1
26	1
27	1
28	1
29	1
30	1
31	1
32	1
33	1
34	1
35	1
36	1
37	1
38	1
39	1
40	1
41	1
42	1
43	1
44	1
45	1
46	1
47	1
48	1
49	1
50	1
51	1
52	1
53	1
54	1
55	1
56	1
57	1
58	1
59	1
60	1
61	1
62	1
63	1
64	1
65	1
66	1
67	1
68	1
69	1
70	1
71	1
72	1
73	1
74	1
75	1
76	1
77	1
78	1
79	1
80	1
81	1
82	1
83	1
84	1
85	1
86	1
87	1
88	1
89	1
90	1
91	1
92	1
93	1
94	1
95	1
96	1
97	1
98	1
99	1


LOGISTIC_LOAD_SECTION
0	0
1	2
2	2
3	2
4	2
5	2
6	2
7	2
8	2
9	2
10	2
11	2
12	2
13	2
14	2
15	2
16	2
17	2
18	2
19	2
20	2
21	2
22	2
23	2
24	2
25	2
26	2
27	2
28	2
29	2
30	2
31	2
32	2
33	2
34	2
35	2
36	2
37	2
38	2
39	2
40	2
41	2
42	2
43	2
44	2
45	2
46	2
47	2
48	2
49	2
50	2
51	2
52	2
53	2
54	2
55	2
56	2
57	2
58	2
59	2
60	2
61	2
62	2
63	2
64	2
65	2
66	2
67	2
68	2
69	2
70	2
71	2
72	2
73	2
74	2
75	2
76	2
77	2
78	2
79	2
80	2
81	2
82	2
83	2
84	2
85	2
86	2
87	2
88	2
89	2
90	2
91	2
92	2
93	2
94	2
95	2
96	2
97	2
98	2
99	2


AVAILABILITY_LANDING_SPOT_SECTION
0	1
1	1
2	1
3	1
4	1
5	1
6	1
7	1
8	1
9	1
10	1
11	1
12	1
13	1
14	1
15	1
16	1
17	1
18	1
19	1
20	1
21	1
22	1
23	1
24	1
25	1
26	1
27	1
28	1
29	1
30	1
31	1
32	1
33	1
34	1
35	1
36	1
37	1
38	1
39	1
40	1
41	1
42	1
43	1
44	1
45	1
46	1
47	1
48	1
49	1
50	1
51	1
52	1
53	1
54	1
55	1
56	1
57	1
58	1
59	1
60	1
61	1
62	1
63	1
64	1
65	1
66	1
67	1
68	1
69	1
70	1
71	1
72	1
73	1
74	1
75	1
76	1
77	1
78	1
79	1
80	1
81	1
82	1
83	1
84	1
85	1
86	1
87	1
88	1
89	1
90	1
91	1
92	1
93	1
94	1
95	1
96	1
97	1
98	1
99	1

CUSTOMER_DRONE_PREFERENCE_SECTION
0	1
1	1
2	1
3	1
4	1
5	1
6	1
7	1
8	1
9	1
10	1
11	1
12	1
13	1
14	1
15	1
16	1
17	1
18	1
19	1
20	1
21	1
22	1
23	1
24	1
25	1
26	1
27	1
28	1
29	1
30	1
31	1
32	1
33	1
34	1
35	1
36	1
37	1
38	1
39	1
40	1
41	1
42	1
43	1
44	1
45	1
46	1
47	1
48	1
49	1
50	1
51	1
52	1
53	1
54	1
55	1
56	1
57	1
58	1
59	1
60	1
61	1
62	1
63	1
64	1
65	1
66	1
67	1
68	1
69	1
70	1
71	1
72	1
73	1
74	1
75	1
76	1
77	1
78	1
79	1
80	1
81	1
82	1
83	1
84	1
85	1
86	1
87	1
88	1
89	1
90	1
91	1
92	1
93	1
94	1
95	1
96	1
97	1
98	1
99	1

DEPOT_SECTION
0

EDGE_KM_D_TYPE: EUC_2D(haversine)
EDGE_KM_T_TYPE: MAN_2D(haversine)
EDGE_KM_D_FORMAT : FULL_MATRIX
EDGE_KM_D_FORMAT : FULL_MATRIX


EDGE_KM_D
0	0.98321007	5.784243555	5.858439553	2.127509644	1.225560031	1.47207489	1.406186433	1.47207489	2.205871643	1.852715159	3.558342099	1.014403088	1.821636	2.212198117	2.382331668	4.468623021	7.077694794	0.855057268	2.442212064	2.363138278	0.471770002	4.07653297	3.342080652	0.586751581	2.036805484	1.905992435	1.78741792	2.724760963	6.172383751	1.329082954	2.834598875	4.961474998	2.428834433	2.166447592	2.787326668	3.105266095	2.24033897	5.546137339	2.003424239	0.98726387	4.791815049	4.181306856	2.053812404	3.615489187	3.968618885	2.892238209	1.498736397	1.261842825	1.766525277	1.606090951	2.628941517	2.859705803	1.680866184	1.47207489	3.701694614	1.915265374	6.278633669	2.432847325	3.535901234	7.077694794	6.278633669	1.475176643	2.442212064	6.916831997	4.016479962	1.487101643	1.927301143	5.915847703	3.498041913	5.106514351	7.786855551	0.909366956	4.637624579	1.927180085	2.076052905	8.150087178	1.645040683	2.400558815	6.12510932	5.459421025	1.395429687	1.957220812	1.691397219	4.66740326	3.042139753	2.612336849	1.230181988	1.042771423	1.58785776	7.664671256	0.316781522	1.758570305	0.955907653	2.221745746	7.454233726	0.897458896	5.915847703	0.34388399	5.334005821
0.98321007	0	6.363343167	6.392342573	2.937981722	2.202876065	0.843022393	2.353355196	0.843022393	2.550477398	2.828294853	3.67058546	1.969668189	2.489025797	1.945065348	2.349346556	4.831279933	7.548193218	0.974250892	2.414503661	2.260809171	1.24665401	4.492320459	3.35349733	1.277608018	1.130580606	1.16233116	2.579661361	2.963904913	6.693061869	2.301679309	3.181321228	5.363683089	1.951361344	2.122456039	2.186893701	3.063249529	2.475522177	6.068624973	2.46938775	1.363909995	5.155087418	4.215374987	2.178390403	4.159207594	3.714449667	2.472066204	1.034728585	2.150256491	2.366956521	2.502636193	2.752497958	2.583884714	1.500001949	0.843022393	4.185916206	2.708674619	6.83037703	1.652762544	3.958027605	7.548193218	6.83037703	0.493635628	2.414503661	7.156496563	4.039129174	1.711949474	1.058192603	6.465343792	3.833707738	5.527756206	8.024324483	0.878326136	5.094473972	1.05802786	1.568203734	8.5731857	2.612041175	2.232848377	6.68406733	6.050230819	1.847439725	2.85331601	1.800021347	5.225004874	3.538854341	2.48065047	0.323056195	0.822594525	0.797696238	8.114364154	0.781567624	2.456962801	1.906917816	2.628726589	7.713545042	1.714620298	6.465343792	1.150728802	5.660401831
5.784243555	6.363343167	0	0.343728342	3.790722448	5.406870752	5.945444499	5.661761088	5.945444499	7.585261176	4.775709947	3.434785178	5.031005261	3.962607648	5.084502092	4.475004131	1.954859273	1.516372237	6.635484747	4.429282971	8.096025422	6.064568366	2.046846697	3.875697414	6.189302729	6.628317856	7.522473993	4.061961815	8.138501074	0.574318807	5.448008189	3.287692839	1.479489446	5.540723819	4.623139527	5.894377747	4.145103854	4.014970066	0.491386785	3.894375253	5.003511632	1.764404401	3.507753703	7.68320208	2.204330369	4.728421593	5.348393199	5.688234221	4.660645635	4.033441687	5.960033898	3.95427445	4.923352513	5.155093066	5.945444499	2.210002789	3.948462069	0.52724751	6.372105901	2.49797865	1.516372237	0.52724751	6.724482931	4.429282971	2.671371925	3.597899214	7.137518688	6.473085999	0.253836705	2.755686523	1.303872842	3.228574216	5.494699659	1.44899004	6.473164319	7.830096036	2.642484307	5.471944132	8.156007335	0.366575373	0.331442345	4.51797286	4.16080235	4.676780805	1.140103428	2.830671425	4.603568157	6.685503954	5.595475947	6.212943142	2.110169911	5.73402272	6.667868018	5.674441271	3.752146428	2.878231847	6.09768058	0.253836705	5.447724675	1.773518944
5.858439553	6.392342573	0.343728342	0	3.921120841	5.548998851	5.934237066	5.814683939	5.934237066	7.719744657	4.945444723	3.309451346	5.147780367	4.041155152	5.027244578	4.417835188	1.811927416	1.291406818	6.71278819	4.368695775	8.19121568	6.159512567	1.976545162	3.75546533	6.286322598	6.598797139	7.554315114	4.172412252	8.274952582	0.323817259	5.596426158	3.264283548	1.290754412	5.468699783	4.578594254	5.804441836	4.037942137	3.996173898	0.329165225	3.926057891	5.041363084	1.579545492	3.322472505	7.793667492	2.246812911	4.555085028	5.246683337	5.673583439	4.773309104	4.095558472	6.120802148	3.897617611	4.823573543	5.132951167	5.934237066	2.208744741	4.064276343	0.451546881	6.311894356	2.46791251	1.291406818	0.451546881	6.735366413	4.368695775	2.328100239	3.42532157	7.241558758	6.445584463	0.133937007	2.690176688	1.102913914	2.899422565	5.517632788	1.356684866	6.445672341	7.884129806	2.423077323	5.637949632	8.245341787	0.339233188	0.559612427	4.556259968	4.309955426	4.669559091	1.193145174	2.854298965	4.525085704	6.712801634	5.608813824	6.199393632	1.896420994	5.790084977	6.819567768	5.802743722	3.766333388	2.545619648	6.217688701	0.133937007	5.518307352	1.501778375
2.127509644	2.937981722	3.790722448	3.921120841	0	1.631934352	2.891555148	1.913488619	2.891555148	3.798844918	1.146330428	2.726225112	1.248537519	0.639058042	2.706353871	2.349014772	2.91516374	5.195607514	2.937118753	2.364561435	4.332327761	2.318779256	2.465709841	2.797453524	2.436047663	3.641596429	4.013378311	0.359603357	4.353858036	4.244194026	1.688133768	1.712436787	3.282928027	3.184601805	2.286744384	3.644485658	2.757022871	1.736374254	3.635030823	1.14948209	1.690489881	3.202081376	3.375211886	3.898895347	1.807308037	3.829092151	3.378401152	2.711964378	0.893198231	0.84568753	2.23575841	2.131760038	3.07935613	2.381686331	2.891555148	2.004273185	0.233601255	4.307638195	3.713920326	2.006232159	5.195607514	4.307638195	3.398348821	2.364561435	5.413962147	3.269280974	3.362728795	3.488331182	3.956251667	2.175076241	3.38258677	6.252634211	2.2166726	2.885409579	3.48831312	4.199608916	6.311571287	1.781122496	4.404030628	4.148533509	3.459509706	1.342795018	0.44994455	1.91241891	2.742550661	1.464391663	2.653869457	3.247888165	2.382573591	3.139696772	5.79865908	2.181844131	2.909868084	1.884004976	1.321084023	5.894031822	2.308429352	3.956251667	1.830665686	3.767255615
1.225560031	2.202876065	5.406870752	5.548998851	1.631934352	0	2.635507325	0.325268844	2.635507325	2.180889421	0.773166831	3.953827142	0.572593922	1.737349418	3.107266473	3.064714251	4.47741641	6.826657161	1.697445038	3.110935728	2.838135078	1.057781151	4.03781591	3.86759361	1.117019312	3.254462774	2.966302889	1.440563106	2.73222732	5.872493942	0.119552632	3.025581686	4.886053077	3.441216135	2.892908008	3.852160519	3.707911923	2.673875975	5.266028184	2.19720132	1.712000927	4.780312958	4.617456609	2.351358826	3.421562723	4.708865358	3.833303835	2.599862914	0.894298129	1.823504119	0.66134012	3.118953879	3.694042824	2.60048852	2.635507325	3.593053506	1.522404098	5.927861021	3.60221603	3.535630284	6.826657161	5.927861021	2.689814067	3.110935728	6.987292596	4.476190084	1.867199279	3.137597227	5.580317799	3.622411594	4.996477162	7.838935504	1.96399724	4.500964462	3.137488859	2.957449372	7.943494022	0.435574521	2.934922455	5.767936267	5.075465331	1.823878172	1.247945844	2.38432165	4.374106228	2.987677184	3.351774914	2.421029548	2.136624357	2.787786106	7.430096936	1.497438961	1.279960735	0.357997628	2.443842768	7.485398228	0.79112428	5.580317799	1.200328632	5.345595775
1.47207489	0.843022393	5.945444499	5.934237066	2.891555148	2.635507325	0	2.859999328	0	3.374291011	3.106909186	2.983907943	2.240491276	2.323139474	1.151777352	1.646122982	4.269396978	7.025183878	1.78694089	1.709413257	3.092926141	1.882961045	3.978190725	2.624291191	1.954922141	0.752420421	1.805551469	2.541012898	3.802892723	6.219720747	2.749542843	2.670477939	4.818959524	1.108343031	1.433022026	1.368121847	2.318004782	1.938467513	5.605752088	2.118145861	1.204608719	4.586660415	3.476359379	3.020445532	3.761602972	2.886094669	1.62969154	0.265509874	2.284592407	2.150784798	3.077424433	2.11484561	1.764269823	0.815433411	0	3.73614479	2.659366836	6.381751557	0.967422705	3.466780397	7.025183878	6.381751557	0.888710761	1.709413257	6.48529052	3.298238972	2.540727752	0.597137146	6.019628132	3.282661038	4.994002203	7.345916531	0.714835241	4.596713637	0.597125376	2.316497011	8.006846847	3.069854599	3.055764896	6.243644172	5.64802087	1.590417877	2.93730433	1.268817475	4.80866535	3.127914038	1.717772657	1.037593721	0.532750577	0.269631029	7.570719196	1.16110337	3.172012294	2.414737262	2.209793865	7.049204618	2.349433359	6.019628132	1.437685783	5.058160939
1.406186433	2.353355196	5.661761088	5.814683939	1.913488619	0.325268844	2.859999328	0	2.859999328	1.954391919	0.925455774	4.279095228	0.896235892	2.057375385	3.398608463	3.378009297	4.785552735	7.097295446	1.722705046	3.42542275	2.703060197	1.134943185	4.343567083	4.191044794	1.158413502	3.441358778	3.00724343	1.747443513	2.495613318	6.138475844	0.23114877	3.34871221	5.184931553	3.714314107	3.201729798	4.11467762	4.028185072	2.997532905	5.537438633	2.522271485	2.005284173	5.085707715	4.942712231	2.190365782	3.715078132	5.022696328	4.121214056	2.846046576	1.216800702	2.147649923	0.337914304	3.442162732	3.996049109	2.884271906	2.859999328	3.894550285	1.821807193	6.185243542	3.826819287	3.846855774	7.097295446	6.185243542	2.827582833	3.42542275	7.295102961	4.801291277	1.754514963	3.333479484	5.841625596	3.941134901	5.291242298	8.144031481	2.214098016	4.794728233	3.333358127	2.933465365	8.218235031	0.304056265	2.81215502	6.024829279	5.330776205	2.142579674	1.50478519	2.692038152	4.648006084	3.297926133	3.661842036	2.54020133	2.380108342	2.992418404	7.701772856	1.702886534	1.006106956	0.450478373	2.768828446	7.789027934	0.748894191	5.841625596	1.444905717	5.651437138
1.47207489	0.843022393	5.945444499	5.934237066	2.891555148	2.635507325	0	2.859999328	0	3.374291011	3.106909186	2.983907943	2.240491276	2.323139474	1.151777352	1.646122982	4.269396978	7.025183878	1.78694089	1.709413257	3.092926141	1.882961045	3.978190725	2.624291191	1.954922141	0.752420421	1.805551469	2.541012898	3.802892723	6.219720747	2.749542843	2.670477939	4.818959524	1.108343031	1.433022026	1.368121847	2.318004782	1.938467513	5.605752088	2.118145861	1.204608719	4.586660415	3.476359379	3.020445532	3.761602972	2.886094669	1.62969154	0.265509874	2.284592407	2.150784798	3.077424433	2.11484561	1.764269823	0.815433411	0	3.73614479	2.659366836	6.381751557	0.967422705	3.466780397	7.025183878	6.381751557	0.888710761	1.709413257	6.48529052	3.298238972	2.540727752	0.597137146	6.019628132	3.282661038	4.994002203	7.345916531	0.714835241	4.596713637	0.597125376	2.316497011	8.006846847	3.069854599	3.055764896	6.243644172	5.64802087	1.590417877	2.93730433	1.268817475	4.80866535	3.127914038	1.717772657	1.037593721	0.532750577	0.269631029	7.570719196	1.16110337	3.172012294	2.414737262	2.209793865	7.049204618	2.349433359	6.019628132	1.437685783	5.058160939
2.205871643	2.550477398	7.585261176	7.719744657	3.798844918	2.180889421	3.374291011	1.954391919	3.374291011	0	2.878645023	5.7520961	2.587114058	3.77310674	4.353560879	4.583929608	6.536790088	8.990329024	1.587594087	4.644759514	1.07627627	1.752453566	6.114805098	5.547693101	1.62550212	3.590825412	2.342007898	3.561616939	0.556527977	8.042617044	2.150432277	4.961291906	6.986606088	4.467651901	4.364580942	4.735434411	5.309743543	4.42659125	7.430723202	4.106592044	3.188719061	6.852070264	6.383356906	0.581907191	5.55037923	6.137753586	4.973994364	3.513265764	2.964879304	3.793127874	1.712221339	4.829145634	5.010112814	3.83500459	3.374291011	5.693802002	3.66192104	8.104730468	4.182023891	5.58803918	8.990329024	8.104730468	2.798881629	4.644759514	9.030096643	6.220105326	0.839762104	3.562481575	7.754793767	5.60930825	7.111307212	9.894571823	3.049640406	6.62171882	3.562294612	1.899379097	10.09975759	2.200990766	1.229778822	7.945161867	7.253819416	3.552455602	3.428805943	3.897038829	6.537285813	5.055455706	4.801185621	2.488909076	3.13033954	3.346275929	9.591698456	2.462720856	0.991410051	1.918798355	4.34443259	9.550720787	1.527262569	7.754793767	2.510539722	7.410504089
1.852715159	2.828294853	4.775709947	4.945444723	1.146330428	0.773166831	3.106909186	0.925455774	3.106909186	2.878645023	0	3.789339523	0.874083522	1.522235454	3.32988165	3.143640708	4.058998028	6.234355442	2.448135733	3.177228329	3.60230507	1.795146224	3.608588801	3.791488943	1.870630317	3.793866668	3.695273134	1.126186704	3.41616271	5.268935097	0.754670272	2.793460166	4.40993847	3.73688914	3.015081267	4.179030896	3.691435751	2.629127133	4.680068376	2.066951681	1.999250312	4.341515347	4.451063329	3.103351701	2.933404484	4.745964968	4.054362923	3.013621087	0.884384984	1.681463626	1.191252313	3.067952336	3.839784673	2.87802522	3.106909186	3.144115126	1.144748275	5.301670993	4.049556943	3.152114752	6.234355442	5.301670993	3.321930481	3.177228329	6.551394511	4.330195118	2.635889197	3.661060536	4.964851813	3.308075019	4.499523495	7.383720312	2.395458215	4.002748573	3.660981507	3.720694037	7.361653419	0.697655952	3.702916484	5.140862501	4.446131853	1.915618743	0.696677005	2.537681013	3.799942617	2.608194106	3.449145403	3.082432425	2.577804714	3.300853329	6.839790381	2.063881654	1.914211536	1.127412352	2.29407408	7.022848928	1.564120765	4.964851813	1.709487217	4.90543434
3.558342099	3.67058546	3.434785178	3.309451346	2.726225112	3.953827142	2.983907943	4.279095228	2.983907943	5.7520961	3.789339523	0	3.386664953	2.273625002	1.886675813	1.338287346	1.49823276	4.200844982	4.333603034	1.274601559	5.840944744	3.999969494	1.430870223	0.447551535	4.128128784	3.513863227	4.774677716	2.663171148	6.281068739	3.536991398	4.056633006	1.014576524	2.041781787	2.24530254	1.557582311	2.525315365	0.749708217	1.326960983	2.992466	1.759687493	2.571340958	1.764948769	0.665469885	5.600947122	1.770941818	1.411070005	1.951259972	2.722644129	3.072498779	2.143372389	4.613626383	0.935976759	1.536033149	2.187512335	2.983907943	1.537179787	2.655941467	3.754364041	3.108036269	1.213123231	4.200844982	3.754364041	3.867620419	1.274601559	3.501579675	0.543291131	5.039453158	3.376560401	3.423219137	0.850988941	2.232439078	4.363942613	2.845676663	1.987077649	3.376691998	5.23782724	5.09577994	4.276161953	5.844326256	3.646742163	3.213527868	2.210507891	3.141209004	1.905375697	2.443399134	1.457305306	1.318123838	3.954019854	2.853492549	3.217549603	4.698965529	3.345264365	5.116434157	4.018011512	1.515663458	4.065313128	4.283511729	3.423219137	3.242031957	2.139548944
1.014403088	1.969668189	5.031005261	5.147780367	1.248537519	0.572593922	2.240491276	0.896235892	2.240491276	2.587114058	0.874083522	3.386664953	0	1.207617314	2.578862169	2.501190936	3.973264143	6.409881605	1.732121691	2.545792258	3.084628886	1.088731411	3.541923521	3.295076817	1.198361757	2.920083261	2.908803899	0.976901094	3.143575785	5.469319818	0.683666089	2.47415745	4.406029759	2.943424674	2.336137705	3.370860757	3.136445511	2.101424814	4.8526489	1.63480492	1.193687694	4.283031093	4.049248519	2.652736759	2.963267777	4.143550009	3.307915804	2.162437049	0.377769998	1.270068889	1.227723026	2.546376888	3.146128409	2.089319911	2.240491276	3.111371943	1.083802047	5.544055032	3.192215851	3.025512927	6.409881605	5.544055032	2.462355517	2.545792258	6.47971041	3.906372703	2.114192529	2.788215518	5.189035137	3.08739145	4.526812455	7.337641688	1.534383526	4.035744345	2.788133848	3.014345649	7.515001044	0.956942422	3.158892084	5.385889577	4.700392124	1.254896086	0.977323954	1.830820598	3.959456484	2.483495376	2.79237215	2.238717109	1.715609132	2.428497629	7.009565989	1.19583459	1.776807127	0.677834133	1.881958439	6.988235263	1.07020636	5.189035137	0.836455509	4.845761233
1.821636	2.489025797	3.962607648	4.041155152	0.639058042	1.737349418	2.323139474	2.057375385	2.323139474	3.77310674	1.522235454	2.273625002	1.207617314	0	2.067357345	1.724742012	2.768345014	5.274711338	2.673726987	1.744824262	4.153332988	2.125382629	2.34193546	2.271998673	2.254339102	3.075403527	3.61809627	0.408494689	4.327678181	4.357180267	1.827649493	1.299681869	3.214601267	2.547350628	1.651224971	3.007198321	2.190094913	1.13824745	3.732250818	0.55408259	1.154597192	3.080737146	2.937935179	3.776641224	1.807375682	3.25722182	2.74196058	2.123410559	0.844789724	0.206680292	2.395253055	1.561791851	2.452633432	1.756413333	2.323139474	1.925189472	0.452641349	4.458163038	3.101830913	1.81962701	5.274711338	4.458163038	2.917526407	1.744824262	5.272757429	2.812037994	3.215761746	2.918957101	4.095997704	1.885384885	3.343678186	6.131949409	1.689848063	2.859406163	2.918957068	3.878447243	6.362727337	2.016600842	4.204659928	4.304123404	3.637981605	0.737190274	0.926783169	1.276163422	2.848636433	1.282412743	2.032000686	2.809553342	1.840057048	2.581445074	5.86760078	1.790148702	2.983909468	1.883879671	0.772187334	5.783969413	2.245848786	4.095997704	1.486250337	3.641691125
2.212198117	1.945065348	5.084502092	5.027244578	2.706353871	3.107266473	1.151777352	3.398608463	1.151777352	4.353560879	3.32988165	1.886675813	2.578862169	2.067357345	0	0.609844613	3.277191666	6.036300199	2.792282006	0.65894127	4.203040846	2.682265848	3.050942893	1.494875466	2.788190422	1.627803183	2.955000851	2.422675217	4.827492692	5.291555381	3.226628541	1.826585811	3.834527088	0.504884231	0.489711341	0.954180957	1.180606374	1.166801442	4.698883063	1.624788169	1.395283909	3.580683094	2.333951979	4.071406124	2.996518137	1.788791186	0.729252021	0.915023202	2.446140242	1.860873647	3.684504707	1.130773439	0.656659442	0.531875228	1.151777352	2.902138754	2.505662238	5.478775923	1.287649848	2.5913595	6.036300199	5.478775923	2.036714103	0.65894127	5.371900865	2.155671874	3.549603469	1.489958954	5.125330612	2.33712281	4.018452837	6.225739825	1.312243623	3.670855333	1.49009166	3.466569795	6.970693194	3.527047931	4.177897502	5.351888182	4.81143471	1.429408383	2.924155268	0.807316394	3.975933135	2.388878246	0.577472332	2.180877233	1.224091794	1.355440276	6.557844994	1.914551617	3.964745762	3.003426278	1.583734656	5.938751672	3.093481768	5.125330612	2.004676308	4.010642319
2.382331668	2.349346556	4.475004131	4.417835188	2.349014772	3.064714251	1.646122982	3.378009297	1.646122982	4.583929608	3.143640708	1.338287346	2.501190936	1.724742012	0.609844613	0	2.675875367	5.437630101	3.084389634	0.065159014	4.562581806	2.848927796	2.441386361	1.005355169	2.968703283	2.212343315	3.437933174	2.118940472	5.089063913	4.683480959	3.180543744	1.230902121	3.232585491	1.081052794	0.228247724	1.489370082	0.731031364	0.647596172	4.089368385	1.204725134	1.428350436	2.983364597	1.867642385	4.368356879	2.403902861	1.644700043	1.069194905	1.384375363	2.286748546	1.52405248	3.690611945	0.520940683	0.730727635	0.853223838	1.646122982	2.298060334	2.177363961	4.869344472	1.897144957	1.983722162	5.437630101	4.869344472	2.529388452	0.065159014	4.839856291	1.692511612	3.820689034	2.06716833	4.515591376	1.727659471	3.41510952	5.701873869	1.567587671	3.061655898	2.067283679	3.911401136	6.386913947	3.455904623	4.554623115	4.742136615	4.203281276	1.251111296	2.639328283	0.702946257	3.369059003	1.810677802	0.308403092	2.623348147	1.5458546	1.88391653	5.965792267	2.124412547	4.073084643	3.031071794	1.093725715	5.403292771	3.204944305	4.515591376	2.108270915	3.429130694
4.468623021	4.831279933	1.954859273	1.811927416	2.91516374	4.47741641	4.269396978	4.785552735	4.269396978	6.536790088	4.058998028	1.49823276	3.973264143	2.768345014	3.277191666	2.675875367	0	2.762486701	5.311535611	2.621125915	6.830663308	4.844116348	0.451504428	1.945043405	4.975648442	4.885943256	5.984605351	3.038231596	7.089493734	2.041341176	4.554652921	1.655782917	0.557456863	3.692803938	2.859307345	4.00779669	2.233436066	2.358658394	1.498121825	2.465389663	3.544775751	0.324987927	1.575110537	6.502520146	1.168799589	2.777694149	3.442501924	4.00417439	3.602154312	2.745857234	5.119138144	2.167116412	3.021748316	3.454452535	4.269396978	0.920723283	2.967432654	2.256132247	4.547780178	0.949041942	2.762486701	2.256132247	5.116591765	2.621125915	2.509881046	1.650077254	5.93504884	4.738147373	1.927535212	0.99762271	0.743673959	3.36445302	3.956506362	0.545991577	4.738254218	6.379555037	3.744817391	4.68765308	6.861215568	2.149909795	1.76613098	3.082221384	3.362922141	3.041423925	1.116989392	1.490949475	2.747149172	5.141171624	4.016226029	4.525429716	3.301326198	4.33388219	5.744689708	4.650849591	2.251282676	3.015633042	5.010450677	1.927535212	4.126059919	0.873747438
7.077694794	7.548193218	1.516372237	1.291406818	5.195607514	6.826657161	7.025183878	7.097295446	7.025183878	8.990329024	6.234355442	4.200844982	6.409881605	5.274711338	6.036300199	5.437630101	2.762486701	0	7.932558546	5.382179859	9.42724225	7.399858098	3.057820479	4.643036707	7.528349109	7.648407236	8.708948911	5.432985062	9.546358886	0.970500358	6.877202168	4.373038434	2.207837024	6.437623738	5.621607572	6.724534978	4.950502419	5.097617202	1.560632753	5.106111124	6.219118696	2.45566286	4.033121672	9.045252126	3.467396311	5.25507489	6.145438973	6.760560121	6.033385506	5.31135074	7.406324115	4.929489234	5.735648242	6.211774598	7.025183878	3.38109404	5.329134442	1.012726938	7.297635957	3.590186432	0	1.012726938	7.859750257	5.382179859	1.828750389	4.173041366	8.48815369	7.500589862	1.29002699	3.742575971	2.031192673	2.022564896	6.669868025	2.455186612	7.500696267	9.070488615	1.132344886	6.9254852	9.474965525	1.162012096	1.824056428	5.738643378	5.592753164	5.780982285	2.453379245	4.040692913	5.495451436	7.864246121	6.745136547	7.283695619	0.605457316	6.987549577	8.100802394	7.071647821	4.924118575	1.745227172	7.479872264	1.29002699	6.734891554	2.084933334
0.855057268	0.974250892	6.635484747	6.71278819	2.937118753	1.697445038	1.78694089	1.722705046	1.78694089	1.587594087	2.448135733	4.333603034	1.732121691	2.673726987	2.792282006	3.084389634	5.311535611	7.932558546	0	3.147862843	1.522351317	0.656359903	4.925469528	4.077529749	0.580429894	2.070772181	1.284658386	2.611637435	2.036397902	7.027094264	1.760261647	3.667628309	5.810488736	2.881482812	2.858364562	3.150508523	3.815391068	3.038763035	6.400956793	2.849432147	1.784603352	5.635557349	4.932696501	1.285649123	4.470468971	4.581069522	3.391055826	1.929728578	2.048059244	2.621553067	1.763202849	3.397685833	3.447880802	2.288205206	1.78694089	4.555552434	2.736545288	7.131802931	2.624777783	4.384213914	7.932558546	7.131802931	1.307126126	3.147862843	7.741426946	4.762284267	0.760164349	2.018836258	6.769368595	4.332952138	5.957607789	8.612203089	1.518149618	5.490913036	2.018660264	1.284380155	9.003227449	2.020776849	1.550077533	6.977850276	6.309763562	2.229956644	2.709314968	2.43180776	5.52128077	3.895724684	3.273051019	0.984608427	1.570978272	1.77157239	8.519027996	0.992528423	1.542812886	1.342496353	3.060670311	8.283926703	0.978990731	6.769368595	1.197718392	6.173033095
2.442212064	2.414503661	4.429282971	4.368695775	2.364561435	3.110935728	1.709413257	3.42542275	1.709413257	4.644759514	3.177228329	1.274601559	2.545792258	1.744824262	0.65894127	0.065159014	2.621125915	5.382179859	3.147862843	0	4.627171129	2.908083638	2.39267704	0.940285801	3.028352585	2.269583916	3.502362141	2.142244452	5.150940827	4.632620434	3.22631836	1.197841374	3.178146679	1.118884573	0.29317363	1.517584266	0.667926442	0.647323197	4.040463607	1.21697235	1.484338331	2.927303167	1.802560935	4.431547261	2.370364236	1.597992014	1.077795858	1.448097838	2.32491665	1.546143996	3.739584254	0.47588631	0.721250021	0.918169763	1.709413257	2.258480524	2.1973503	4.820239689	1.944017252	1.941295302	5.382179859	4.820239689	2.593323605	0	4.776165294	1.627503412	3.883255656	2.125328911	4.467339631	1.678815946	3.361282494	5.637871925	1.631483525	3.01217683	2.125446511	3.976468338	6.328161773	3.499321681	4.619466115	4.693929567	4.159662713	1.293191392	2.663320964	0.758739331	3.326872604	1.783570143	0.290030351	2.68832018	1.610789167	1.945936415	5.908622537	2.186180878	4.128227796	3.082304444	1.093705451	5.33981721	3.260984403	4.467339631	2.165575978	3.369743005
2.363138278	2.260809171	8.096025422	8.19121568	4.332327761	2.838135078	3.092926141	2.703060197	3.092926141	1.07627627	3.60230507	5.840944744	3.084628886	4.153332988	4.203040846	4.562581806	6.830663308	9.42724225	1.522351317	4.627171129	0	2.032143827	6.439508131	5.565131778	1.906728326	3.082141251	1.589346292	4.037047643	1.044450493	8.508837406	2.847813971	5.189528171	7.324364331	4.194020813	4.334501638	4.368633304	5.289999356	4.557594259	7.88485387	4.366154348	3.30624325	7.154225903	6.42540067	0.548574803	5.960026412	5.974848184	4.718374993	3.295512584	3.443739133	4.120276354	2.551032063	4.905552911	4.844673585	3.733933555	3.092926141	6.059293082	4.154582999	8.601311841	3.71928555	5.899010525	9.42724225	8.601311841	2.319105205	4.627171129	9.263404438	6.252360641	0.97624867	3.099699501	8.241605205	5.854675547	7.468203488	10.13422353	3.000505806	6.996193002	3.099501288	1.022239098	10.5079322	2.992240367	0.155381218	8.44515046	7.767185121	3.750912667	4.032319678	3.935586581	6.998071965	5.401022895	4.723980993	2.070371804	3.01947698	2.981300013	10.01809316	2.512831079	1.914840362	2.504489748	4.580999574	9.806272587	2.058125154	8.241605205	2.706697099	7.693956443
0.471770002	1.24665401	6.064568366	6.159512567	2.318779256	1.057781151	1.882961045	1.134943185	1.882961045	1.752453566	1.795146224	3.999969494	1.088731411	2.125382629	2.682265848	2.848927796	4.844116348	7.399858098	0.656359903	2.908083638	2.032143827	0	4.438075918	3.79902543	0.13167278	2.366828631	1.908860043	2.009956458	2.283694951	6.477569042	1.132645902	3.233455208	5.32029784	2.883987975	2.634967255	3.226863916	3.568690721	2.675309253	5.854203975	2.385783205	1.438147281	5.164695399	4.631323488	1.659083339	3.932699176	4.440297652	3.356093978	1.94060538	1.425592731	2.106234165	1.256584932	3.076939668	3.330966604	2.151424274	1.882961045	4.042410578	2.130336486	6.569194427	2.823510395	3.901393551	7.399858098	6.569194427	1.703749185	2.908083638	7.315511295	4.468751286	1.093298469	2.276157824	6.209473162	3.890875747	5.457659297	8.183744604	1.374664299	4.979183827	2.276014381	1.939321375	8.487047889	1.417528328	2.092644978	6.413114667	5.736099148	1.807189088	2.064640512	2.153709895	4.966407948	3.387992833	3.082834003	1.408221511	1.496665027	1.960373688	7.992968214	0.772097508	1.300163491	0.71339989	2.616109949	7.846083413	0.473179211	6.209473162	0.758092648	5.714868147
4.07653297	4.492320459	2.046846697	1.976545162	2.465709841	4.03781591	3.978190725	4.343567083	3.978190725	6.114805098	3.608588801	1.430870223	3.541923521	2.34193546	3.050942893	2.441386361	0.451504428	3.057820479	4.925469528	2.39267704	6.439508131	4.438075918	0	1.854995869	4.569237491	4.627573694	5.652077535	2.597408951	6.66894553	2.247636858	4.112941962	1.315461965	0.885036085	3.497528549	2.603479889	3.847556111	2.107506917	2.043004571	1.647984477	2.076614232	3.176949172	0.742516857	1.694972716	6.097105615	0.727233979	2.810445217	3.304505839	3.715036749	3.168489863	2.332891992	4.676070314	1.921073509	2.879185097	3.16951299	3.978190725	0.469714069	2.523158409	2.428011862	4.336462772	0.541564831	3.057820479	2.428011862	4.803161047	2.39267704	2.952489704	1.724722364	5.530972898	4.475616747	2.074768098	0.713862275	1.037644457	3.801120682	3.614158874	0.621812373	4.475709923	6.024961113	4.088824559	4.240695309	6.475310494	2.301378668	1.799348761	2.703857796	2.912825897	2.725071809	1.012596704	1.059583913	2.557622502	4.807314363	3.687334334	4.240277096	3.622422338	3.958180559	5.308858095	4.219746508	1.877666729	3.448307354	4.587568394	2.074768098	3.732838607	1.307918066
3.342080652	3.35349733	3.875697414	3.75546533	2.797453524	3.86759361	2.624291191	4.191044794	2.624291191	5.547693101	3.791488943	0.447551535	3.295076817	2.271998673	1.494875466	1.005355169	1.945043405	4.643036707	4.077529749	0.940285801	5.565131778	3.79902543	1.854995869	0	3.923494944	3.111891318	4.42744746	2.677363567	6.063925622	3.98445547	3.976527421	1.153163564	2.489328385	1.818020196	1.233412993	2.081513138	0.318770352	1.193811133	3.43737619	1.72479836	2.361004196	2.212077452	0.862295719	5.357798113	2.113136303	1.095992697	1.504855998	2.369164291	3.012875005	2.111971839	4.519168798	0.749181472	1.0927299	1.854396122	2.624291191	1.905748643	2.691803846	4.201032699	2.680079948	1.570432439	4.643036707	4.201032699	3.512784122	0.940285801	3.877557475	0.687473118	4.804180292	2.979855708	3.868406414	1.217034242	2.679990466	4.730912222	2.566007647	2.426846034	2.979996721	4.912410913	5.523303901	4.219746126	5.55900999	4.092350293	3.648094219	2.063832039	3.181691823	1.653653942	2.864128316	1.699740078	0.917553875	3.622804015	2.550857242	2.845125596	5.134750902	3.103431393	4.972617443	3.892502849	1.500780623	4.444831647	4.119318641	3.868406414	3.044303717	2.573912682
0.586751581	1.277608018	6.189302729	6.286322598	2.436047663	1.117019312	1.954922141	1.158413502	1.954922141	1.62550212	1.870630317	4.128128784	1.198361757	2.254339102	2.788190422	2.968703283	4.975648442	7.528349109	0.580429894	3.028352585	1.906728326	0.13167278	4.569237491	3.923494944	0	2.40597232	1.856195604	2.131875502	2.154167806	6.604706567	1.181490663	3.36496868	5.451276898	2.975647576	2.753185984	3.308538826	3.69043611	2.804186871	5.981711359	2.51745201	1.563396561	5.29615582	4.75785938	1.527868125	4.061445767	4.552752986	3.454172378	2.026466007	1.543450943	2.237125689	1.244744222	3.203708554	3.439250901	2.258655621	1.954922141	4.172666104	2.25106555	6.69489396	2.88333174	4.032736254	7.528349109	6.69489396	1.716460442	3.028352585	7.447137927	4.594698788	0.962696269	2.322373722	6.335552026	4.022520617	5.588270095	8.315396508	1.47718168	5.109325918	2.322223134	1.851803543	8.616572594	1.450817213	1.970403398	6.538581891	5.860525094	1.937804954	2.170562856	2.275764331	5.093303803	3.518661389	3.198661814	1.41104816	1.5909744	2.017024614	8.121891073	0.873817735	1.217453168	0.762655822	2.747662054	7.977756186	0.444137067	6.335552026	0.886173057	5.846470363
2.036805484	1.130580606	6.628317856	6.598797139	3.641596429	3.254462774	0.752420421	3.441358778	0.752420421	3.590825412	3.793866668	3.513863227	2.920083261	3.075403527	1.627803183	2.212343315	4.885943256	7.648407236	2.070772181	2.269583916	3.082141251	2.366828631	4.627573694	3.111891318	2.40597232	0	1.563548419	3.289333367	3.940561592	6.875200629	3.362113216	3.340864725	5.441608387	1.341499297	2.028208782	1.347943642	2.79381589	2.614394434	6.269638361	2.852409753	1.951965573	5.195340029	3.926106751	3.143096081	4.465291968	3.131431874	1.826944304	0.970113356	3.003488222	2.90165896	3.616155785	2.719512711	2.104060269	1.475522504	0.752420421	4.419840513	3.408941025	7.048912326	0.643415798	4.134310718	7.648407236	7.048912326	0.793090838	2.269583916	6.986803039	3.749188014	2.75675072	0.159013233	6.689746617	3.91951118	5.622238133	7.834164409	1.440627521	5.249252961	0.158976941	2.149824355	8.596283688	3.680146542	3.009310337	6.915257161	6.33860114	2.341738574	3.672080594	1.974623299	5.497945841	3.83310832	2.198041728	1.103606895	1.264952296	0.505022977	8.178092038	1.758296583	3.584760492	2.990921091	2.925571989	7.554833419	2.838573325	6.689746617	2.089479241	5.636617544
1.905992435	1.16233116	7.522473993	7.554315114	4.013378311	2.966302889	1.805551469	3.00724343	1.805551469	2.342007898	3.695273134	4.774677716	2.908803899	3.61809627	2.955000851	3.437933174	5.984605351	8.708948911	1.284658386	3.502362141	1.589346292	1.908860043	5.652077535	4.42744746	1.856195604	1.563548419	0	3.662254373	2.559686989	7.855356038	3.036666077	4.339110659	6.520625023	2.817978051	3.217106534	2.903490485	4.123065168	3.626092072	7.23080795	3.629982708	2.519251469	6.307559274	5.281594286	1.79744314	5.318983092	4.63412486	3.334511372	2.058295635	3.166193708	3.510211508	3.036524228	3.876468573	3.542491178	2.587278457	1.805551469	5.348222144	3.791796059	7.991764258	2.206132019	5.119063482	8.708948911	7.991764258	0.918332494	3.502362141	8.274170928	5.103538094	1.615944066	1.617550885	7.626700741	4.987174275	6.686348541	9.138384814	2.039835677	6.255960523	1.617356743	0.593676643	9.728663041	3.304444369	1.491379726	7.844982021	7.207859977	3.004584778	3.863204392	2.944814187	6.385025926	4.700439055	3.523324122	0.844763304	1.968395525	1.610080879	9.273165025	1.837597629	2.702730978	2.61686697	3.791032651	8.835285923	2.262964044	7.626700741	2.182785319	6.805095141
1.78741792	2.579661361	4.061961815	4.172412252	0.359603357	1.440563106	2.541012898	1.747443513	2.541012898	3.561616939	1.126186704	2.663171148	0.976901094	0.408494689	2.422675217	2.118940472	3.038231596	5.432985062	2.611637435	2.142244452	4.037047643	2.009956458	2.597408951	2.677363567	2.131875502	3.289333367	3.662254373	0	4.118137562	4.493528774	1.516465917	1.670105307	3.447562706	2.887255215	2.030659681	3.346179535	2.59858725	1.545284134	3.876024506	0.96257637	1.337368889	3.339865128	3.324992268	3.622754238	1.991522234	3.6653932	3.115424396	2.368507392	0.600947888	0.596660152	2.081901212	1.970276624	2.84261615	2.064495063	2.541012898	2.153422811	0.12963066	4.572053735	3.380625722	2.100269419	5.432985062	4.572053735	3.038849769	2.142244452	5.547965684	3.204240624	3.075590975	3.137039093	4.215524173	2.213612584	3.561848471	6.398506337	1.86002843	3.068140487	3.137016445	3.863125131	6.538702147	1.668233714	4.102121568	4.414517517	3.73217174	1.020204479	0.521471973	1.618040844	2.983017658	1.550935581	2.427154162	2.890670454	2.027763645	2.786334066	6.032717566	1.827548143	2.715339073	1.644480349	1.176583342	6.044836111	2.046954187	4.215524173	1.481260791	3.905281965
